objID run rerun camcol field rowc colc petroRad_r rowc_g rowc_i colc_g colc_i class imageName morphology
1237650369408139534 1140 301 1 180 1376.046 1332.705 43.77668 1387.886 1378.69 1331.008 1329.694 GALAXY 1140_301_1_180 spiral
1237650369409450067 1140 301 1 200 763.1822 1089.832 9.928998 775.0045 766.6691 1088.265 1086.898 GALAXY 1140_301_1_200 spiral
1237650369943765243 1140 301 2 161 1066.952 1687.896 7.381963 1077.789 1070.102 1687.101 1686.743 GALAXY 1140_301_2_161 spiral
1237650370481029219 1140 301 3 167 1332.792 498.8553 13.06969 1343.761 1335.516 496.8802 496.4275 GALAXY 1140_301_3_167 spiral
1237650371019145335 1140 301 4 186 88.08563 1212.691 10.88288 99.29459 90.53469 1209.038 1211.67 GALAXY 1140_301_4_186 spiral
1237650371558441076 1140 301 5 223 455.4719 971.4016 15.29766 466.2695 458.7163 969.4846 972.2787 GALAXY 1140_301_5_223 spiral
1237650372089544801 1140 301 6 135 63.98706 906.6358 10.46811 75.93242 66.73752 906.0745 907.6726 GALAXY 1140_301_6_135 spiral
1237650760246362146 1231 301 1 122 269.1126 718.6146 13.2692 282.5609 272.5248 719.3565 716.597 GALAXY 1231_301_1_122 spiral
1237650760783167783 1231 301 2 121 1359.914 1923.428 7.997451 1371.975 1362.934 1924.498 1923.125 GALAXY 1231_301_2_121 spiral
1237650761319055596 1231 301 3 106 1094.778 1468.085 7.316933 1106.333 1097.51 1468.443 1466.359 GALAXY 1231_301_3_106 spiral
1237650761316565059 1231 301 3 68 259.1445 1036.555 6.40878 270.6284 262.0847 1036.809 1035.083 GALAXY 1231_301_3_68 spiral
1237651272433008690 1350 301 3 302 301.5722 567.7415 12.96858 311.4656 304.4468 558.103 565.0586 GALAXY 1350_301_3_302 spiral
1237651272437399607 1350 301 3 369 313.9142 651.8 11.70505 324.0135 316.9408 642.561 648.9734 GALAXY 1350_301_3_369 spiral
1237651272439365767 1350 301 3 399 1220.942 235.654 7.979303 1231.528 1224.043 226.0434 232.7515 GALAXY 1350_301_3_399 spiral
1237651272963588139 1350 301 4 206 644.2772 1342.277 9.582571 653.9937 647.2173 1334.38 1341.267 GALAXY 1350_301_4_206 spiral
1237651272966406282 1350 301 4 249 603.9514 769.7077 7.825306 613.4049 606.8005 760.4948 768.6109 GALAXY 1350_301_4_249 spiral
1237651272968241331 1350 301 4 277 1057.54 160.6678 5.348052 1066.844 1060.28 152.0436 159.7427 GALAXY 1350_301_4_277 spiral
1237651272969027643 1350 301 4 289 877.7403 935.0779 15.67258 886.6733 880.8141 926.7184 933.9498 GALAXY 1350_301_4_289 spiral
1237651272971190298 1350 301 4 322 244.1479 1329.979 11.17308 254.5354 247.181 1321.135 1328.255 GALAXY 1350_301_4_322 spiral
1237651273512321182 1350 301 5 387 166.6278 217.0159 12.50654 175.4212 169.3444 207.3174 216.9512 GALAXY 1350_301_5_387 spiral
1237651274036871311 1350 301 6 199 517.4455 871.5474 14.79733 528.3389 519.9212 865.6617 871.9161 GALAXY 1350_301_6_199 spiral
1237651274048209072 1350 301 6 372 1262.627 256.8782 7.732625 1270.854 1265.356 248.5787 258.118 GALAXY 1350_301_6_372 spiral
1237651538165104762 1412 301 2 12 414.5978 173.4617 10.68532 422.8784 416.8722 167.8616 172.001 GALAXY 1412_301_2_12 spiral
1237651538173362342 1412 301 2 138 789.3317 1087.244 5.316134 798.4297 791.9075 1081.366 1085.606 GALAXY 1412_301_2_138 spiral
1237651538707022023 1412 301 3 89 1052.264 1224.619 4.739124 1061.632 1055.179 1218.621 1222.707 GALAXY 1412_301_3_89 spiral
1237651539244023910 1412 301 4 91 563.2355 317.2121 11.94145 572.1797 565.6283 309.5847 315.8658 GALAXY 1412_301_4_91 spiral
1237651539783254273 1412 301 5 127 872.8105 752.9386 14.00478 882.5427 875.4578 746.6104 753.4987 GALAXY 1412_301_5_127 spiral
1237651540319731865 1412 301 6 121 628.1756 911.201 9.015376 639.3149 630.5612 906.2909 912.3379 GALAXY 1412_301_6_121 spiral
1237651540320190597 1412 301 6 128 663.8365 1224.323 13.61481 675.5366 666.2341 1219.845 1225.25 GALAXY 1412_301_6_128 spiral
1237651540313309421 1412 301 6 23 1231.082 685.8633 6.677849 1243.268 1233.837 681.7921 687.3617 GALAXY 1412_301_6_23 spiral
1237651540314357837 1412 301 6 39 1306.169 299.2568 12.05029 1316.19 1308.404 293.4287 300.6744 GALAXY 1412_301_6_39 spiral
1237651735758110864 1458 301 2 386 873.0759 1974.017 6.194493 883.9338 876.1483 1975.984 1973.464 GALAXY 1458_301_2_386 spiral
1237651737904545861 1458 301 6 370 1306.427 566.3109 8.986441 1318.35 1308.669 568.6764 568.6237 GALAXY 1458_301_6_370 spiral
1237651752400584763 1462 301 1 378 92.67299 1731.043 8.198647 105.7666 96.03324 1733.211 1729.339 GALAXY 1462_301_1_378 spiral
1237651752922579142 1462 301 2 151 737.7774 1159.379 8.959867 750.2886 741.0155 1161.625 1158.826 GALAXY 1462_301_2_151 spiral
1237651752939159720 1462 301 2 404 956.1962 1646.39 6.104067 967.7684 959.0318 1647.953 1645.453 GALAXY 1462_301_2_404 spiral
1237651754012180581 1462 301 4 393 396.4557 1072.028 11.51145 405.7284 398.7467 1072.698 1071.973 GALAXY 1462_301_4_393 spiral
1237651754532012205 1462 301 5 133 1058.485 1000.111 12.44736 1068.299 1060.614 999.7155 1001.3 GALAXY 1462_301_5_133 spiral
1237651755081072796 1462 301 6 319 1125.455 1682.811 8.362644 1136.87 1127.336 1684.912 1683.824 GALAXY 1462_301_6_319 spiral
1237651755081793661 1462 301 6 330 1345.561 1613.224 16.2281 1356.609 1347.452 1615.408 1614.661 GALAXY 1462_301_6_330 spiral
1237651818953965838 1477 301 5 94 369.5783 1986.202 6.281219 379.5064 372.4722 1984.891 1987.39 GALAXY 1477_301_5_94 spiral
1237653665256636688 1907 301 4 149 868.827 1415.219 11.57665 878.3616 871.7043 1414.31 1415.154 GALAXY 1907_301_4_149 spiral
1237654028718113100 1992 301 1 147 1191.364 1172.524 10.4976 1202.144 1195.029 1174.208 1170.542 GALAXY 1992_301_1_147 spiral
1237654029792378884 1992 301 3 155 136.851 1660.98 8.716806 146.1418 139.7412 1663.212 1660.136 GALAXY 1992_301_3_155 spiral
1237654030328266870 1992 301 4 140 241.0468 231.9931 9.277368 250.6833 243.7084 232.0305 231.4633 GALAXY 1992_301_4_140 spiral
1237654030328332430 1992 301 4 141 538.9679 1371.91 6.683695 549.0338 542.031 1372.389 1371.869 GALAXY 1992_301_4_141 spiral
1237654030329446620 1992 301 4 158 1076.194 1105.681 15.44913 1086.116 1079.195 1105.587 1105.254 GALAXY 1992_301_4_158 spiral
1237654030864547958 1992 301 5 131 904.5234 758.7444 9.554946 914.3778 907.681 760.0434 760.2513 GALAXY 1992_301_5_131 spiral
1237654031402336445 1992 301 6 145 277.7447 233.1303 11.83348 289.1401 280.5966 235.2252 235.4453 GALAXY 1992_301_6_145 spiral
1237655107832840325 2243 301 3 211 764.8859 503.7328 25.5956 774.4124 767.9515 498.7054 502.0679 GALAXY 2243_301_3_211 spiral
1237655107837427805 2243 301 3 281 522.5181 1848.429 7.70942 532.5004 525.6912 1844.04 1846.661 GALAXY 2243_301_3_281 spiral
1237655108373971055 2243 301 4 276 740.17 109.0366 12.67319 750.0751 742.9432 103.0888 107.5932 GALAXY 2243_301_4_276 spiral
1237655108374233182 2243 301 4 280 1023.433 874.8027 25.24637 1033.864 1026.754 868.8807 873.6793 GALAXY 2243_301_4_280 spiral
1237655108377247878 2243 301 4 326 1166.948 690.7578 12.20823 1176.66 1169.881 684.7183 689.3078 GALAXY 2243_301_4_326 spiral
1237655108914249886 2243 301 5 328 1141.096 1211.751 10.34052 1150.384 1144.197 1207.101 1212.776 GALAXY 2243_301_5_328 spiral
1237655109447647255 2243 301 6 275 218.0948 1639.7 13.90738 229.092 220.6735 1636.114 1640.65 GALAXY 2243_301_6_275 spiral
1237655129844875736 2248 301 4 216 161.9158 363.7775 8.665226 170.2759 164.7513 366.4249 365.0325 GALAXY 2248_301_4_216 spiral
1237655373578305720 2305 301 2 125 853.3801 1484.378 11.66976 864.3666 856.6853 1486.8 1483.853 GALAXY 2305_301_2_125 spiral
1237655473435443865 2328 301 4 112 857.1454 803.568 6.166435 867.5643 860.0893 808.3331 804.5217 GALAXY 2328_301_4_112 spiral
1237655473972314585 2328 301 5 112 985.1263 379.464 9.548648 994.2643 988.1666 383.4468 381.7433 GALAXY 2328_301_5_112 spiral
1237655474512200294 2328 301 6 158 800.5093 358.701 7.485649 810.9875 802.9346 363.9166 361.6624 GALAXY 2328_301_6_158 spiral
1237655502960722417 2335 301 3 72 1115.639 1445.815 8.678789 1124.984 1118.293 1450.877 1445.803 GALAXY 2335_301_3_72 spiral
1237657589248426177 2821 301 1 184 1389.407 1398.127 6.092429 1400.333 1393.65 1396.157 1395.631 GALAXY 2821_301_1_184 spiral
1237657589785755794 2821 301 2 191 1267.991 1807.518 5.185886 1277.927 1272.004 1805.937 1806.697 GALAXY 2821_301_2_191 spiral
1237657589785886945 2821 301 2 193 1054.726 700.3162 13.56671 1063.668 1058.098 698.1261 699.2556 GALAXY 2821_301_2_193 spiral
1237657590321381540 2821 301 3 172 535.6992 1531.615 7.69862 544.6144 539.3354 1529.711 1529.905 GALAXY 2821_301_3_172 spiral
1237657590322299014 2821 301 3 186 897.0225 1728.471 6.400381 905.9619 900.4186 1726.284 1726.853 GALAXY 2821_301_3_186 spiral
1237657590857466060 2821 301 4 160 1185.931 1205.725 10.04144 1195.381 1189.989 1202.552 1204.406 GALAXY 2821_301_4_160 spiral
1237657590857531471 2821 301 4 161 1014.058 1120.921 9.338213 1023.603 1018.123 1117.819 1119.923 GALAXY 2821_301_4_161 spiral
1237657591395516506 2821 301 5 178 1218.208 136.6321 19.03933 1227.147 1221.492 133.8425 137.3219 GALAXY 2821_301_5_178 spiral
1237657591398138017 2821 301 5 218 1316.395 1348.201 12.68962 1325.001 1319.973 1345.937 1349.297 GALAXY 2821_301_5_218 spiral
1237657591930880137 2821 301 6 155 586.86 1151.527 5.24357 597.3344 590.5267 1151.049 1152.91 GALAXY 2821_301_6_155 spiral
1237657591931666583 2821 301 6 167 1124.211 1271.288 12.58442 1134.687 1127.283 1270.438 1272.493 GALAXY 2821_301_6_167 spiral
1237657627916828846 2830 301 1 393 1107.231 116.3514 10.00971 1119.254 1111.119 117.2369 115.2932 GALAXY 2830_301_1_393 spiral
1237657772323569819 2863 301 6 217 205.4525 1701.806 4.358494 215.0522 208.0639 1702.669 1703.531 GALAXY 2863_301_6_217 spiral
1237658203437531274 2964 301 1 318 1083.947 815.0806 8.355261 1094.876 1087.231 813.2482 813.4343 GALAXY 2964_301_1_318 spiral
1237658203964244073 2964 301 2 163 384.3195 1207.237 7.299589 394.6821 387.461 1206.877 1206.832 GALAXY 2964_301_2_163 spiral
1237658203965817034 2964 301 2 187 1021.093 671.4451 6.787238 1030.355 1024.153 669.9257 670.5951 GALAXY 2964_301_2_187 spiral
1237658204510552170 2964 301 3 307 544.9559 218.0051 11.83995 554.2941 547.7897 216.1362 216.4234 GALAXY 2964_301_3_307 spiral
1237658204511600781 2964 301 3 323 368.2898 91.74396 27.92051 377.8696 371.6547 89.533 90.26295 GALAXY 2964_301_3_323 spiral
1237658205048012822 2964 301 4 316 655.9642 1663.075 6.606279 665.9106 659.3571 1661.99 1663.084 GALAXY 2964_301_4_316 spiral
1237658302203691125 2987 301 1 42 1149.553 188.8466 5.700232 1161.692 1153.116 183.5794 186.3999 GALAXY 2987_301_1_42 spiral
1237658302204018760 2987 301 1 47 748.8765 212.8433 21.44781 760.7821 751.982 207.7339 210.4813 GALAXY 2987_301_1_47 spiral
1237658302740037933 2987 301 2 34 1308.138 1963.464 6.355404 1318.565 1311.378 1959.388 1962.416 GALAXY 2987_301_2_34 spiral
1237658303281627224 2987 301 3 106 303.0836 718.9434 9.951452 313.2194 306.1159 714.1294 716.9484 GALAXY 2987_301_3_106 spiral
1237658303276974284 2987 301 3 35 1234.721 1445.07 5.271558 1244.269 1237.482 1440.607 1443.337 GALAXY 2987_301_3_35 spiral
1237658303278350449 2987 301 3 56 576.4015 875.7678 8.824524 586.7619 579.1254 871.3466 873.5776 GALAXY 2987_301_3_56 spiral
1237658303279530129 2987 301 3 74 979.6444 1103.431 8.748235 990.0247 982.5892 1098.849 1101.458 GALAXY 2987_301_3_74 spiral
1237658303818629175 2987 301 4 108 763.7546 753.7894 22.91641 774.0297 766.6837 748.992 752.8595 GALAXY 2987_301_4_108 spiral
1237658303817646244 2987 301 4 93 834.0042 1702.002 10.55918 843.4199 836.8632 1697.515 1701.786 GALAXY 2987_301_4_93 spiral
1237658304352813303 2987 301 5 67 589.0676 682.8959 8.273238 598.1548 591.693 677.9231 683.8578 GALAXY 2987_301_5_67 spiral
1237658304353206515 2987 301 5 73 1389.775 184.8588 9.457787 1399.703 1392.751 179.7863 185.6792 GALAXY 2987_301_5_73 spiral
1237658311328989324 2989 301 2 19 1397.082 1185.479 12.38674 1407.279 1399.845 1181.606 1184.463 GALAXY 2989_301_2_19 spiral
1237658311330103465 2989 301 2 36 1425.242 539.0161 7.564305 1436.162 1428.112 534.4131 536.9944 GALAXY 2989_301_2_36 spiral
1237658312939995233 2989 301 5 25 180.7446 1135.87 5.799567 190.4787 183.508 1130.942 1136.661 GALAXY 2989_301_5_25 spiral
1237658491206631495 3031 301 1 414 438.0532 596.2455 5.976788 450.5663 441.9121 595.0944 593.8262 GALAXY 3031_301_1_414 spiral
1237658492273033418 3031 301 3 302 1219.755 197.1097 6.043912 1229.476 1222.692 195.462 194.6332 GALAXY 3031_301_3_302 spiral
1237658492278407295 3031 301 3 384 1391.324 1385.32 14.26419 1401.424 1394.417 1383.87 1383.582 GALAXY 3031_301_3_384 spiral
1237658492279324815 3031 301 3 398 1153.865 1803.615 6.28009 1163.307 1156.802 1802.196 1801.964 GALAXY 3031_301_3_398 spiral
1237658492811018394 3031 301 4 319 485.4638 1254.581 14.88283 495.2694 488.7602 1252.911 1254.002 GALAXY 3031_301_4_319 spiral
1237658492812525675 3031 301 4 342 778.3217 902.4686 4.937773 788.9235 781.6422 900.8661 901.7811 GALAXY 3031_301_4_342 spiral
1237658492816261202 3031 301 4 399 171.5537 902.7158 6.346832 180.885 174.3959 901.1907 902.3931 GALAXY 3031_301_4_399 spiral
1237658493347168375 3031 301 5 308 823.2789 280.7328 7.255023 832.6916 825.8572 278.7988 281.5565 GALAXY 3031_301_5_308 spiral
1237658493351100523 3031 301 5 368 604.584 600.5079 9.000164 614.23 607.8448 598.9193 601.343 GALAXY 3031_301_5_368 spiral
1237658493351952524 3031 301 5 381 671.9081 232.9887 7.137289 681.717 674.9319 231.2054 233.3986 GALAXY 3031_301_5_381 spiral
1237658493352673424 3031 301 5 392 596.6089 1975.189 7.323886 606.2944 599.6015 1974.504 1976.491 GALAXY 3031_301_5_392 spiral
1237658493352738993 3031 301 5 393 532.6744 1497.679 8.737135 542.5099 535.7562 1496.556 1498.839 GALAXY 3031_301_5_393 spiral
1237658493353263196 3031 301 5 401 150.0157 141.7811 9.285443 159.2982 153.0752 139.2449 142.6311 GALAXY 3031_301_5_401 spiral
1237658493884825654 3031 301 6 320 1368.527 1760.261 8.956919 1378.71 1371.304 1760.312 1761.698 GALAXY 3031_301_6_320 spiral
1237658493886333047 3031 301 6 343 962.158 664.1401 8.734006 973.299 965.0173 663.8896 665.3934 GALAXY 3031_301_6_343 spiral
1237658493887774865 3031 301 6 365 1276.521 1220.899 7.872249 1287.486 1279.371 1220.87 1222.19 GALAXY 3031_301_6_365 spiral
1237658493890265125 3031 301 6 403 127.4916 870.6198 14.05927 138.1475 130.1407 870.1005 872.0625 GALAXY 3031_301_6_403 spiral
1237658608222797857 3058 301 3 83 585.67 1617.991 7.425395 595.8818 588.8561 1611.879 1616.142 GALAXY 3058_301_3_83 spiral
1237658608222863474 3058 301 3 84 588.181 390.4693 15.45794 598.6375 591.0789 383.3379 387.8743 GALAXY 3058_301_3_84 spiral
1237658609830133903 3058 301 6 33 535.1439 1960.624 5.355731 546.4426 538.1907 1957.018 1960.777 GALAXY 3058_301_6_33 spiral
1237658609833410759 3058 301 6 83 1199.544 1545.586 9.320323 1210.863 1202.407 1541.189 1546.711 GALAXY 3058_301_6_83 spiral
1237658611446775895 3059 301 1 125 1178.019 1663.763 15.32898 1190.372 1181.299 1660.512 1660.948 GALAXY 3059_301_1_125 spiral
1237658611982467226 3059 301 2 107 1155.704 515.7674 6.397469 1167.608 1158.772 511.8081 514.1955 GALAXY 3059_301_2_107 spiral
1237658612513570923 3059 301 3 19 1359.762 1055.465 6.710029 1371.937 1362.313 1049.734 1053.308 GALAXY 3059_301_3_19 spiral
1237658800424419431 3103 301 1 111 643.6748 321.418 8.657454 655.8708 647.8672 318.2233 319.2961 GALAXY 3103_301_1_111 spiral
1237658800961355867 3103 301 2 112 517.3129 1550.298 9.138327 527.7836 521.3732 1547.327 1549.358 GALAXY 3103_301_2_112 spiral
1237658800968761369 3103 301 2 225 694.725 1881.95 18.15993 705.4379 698.8531 1879.377 1880.979 GALAXY 3103_301_2_225 spiral
1237658801497964756 3103 301 3 108 739.9395 1699.578 7.139165 749.7971 743.2989 1696.01 1697.651 GALAXY 3103_301_3_108 spiral
1237658801498226800 3103 301 3 112 364.3389 1438.273 13.51573 373.8617 368.0846 1434.569 1436.663 GALAXY 3103_301_3_112 spiral
1237658801500848137 3103 301 3 152 86.88232 609.3588 12.90733 96.52628 90.38637 605.0534 607.5773 GALAXY 3103_301_3_152 spiral
1237658802036867167 3103 301 4 139 378.1537 668.4568 10.86836 387.8755 381.2959 664.5754 667.8875 GALAXY 3103_301_4_139 spiral
1237658802574590185 3103 301 5 152 1159.536 972.631 9.17995 1168.235 1163.043 968.98 973.7812 GALAXY 3103_301_5_152 spiral
1237658803108642991 3103 301 6 109 1334.392 1311.078 8.866498 1345.26 1337.763 1309.323 1312.307 GALAXY 3103_301_6_109 spiral
1237658803109232770 3103 301 6 118 639.3625 1806.086 13.06171 649.7095 642.1957 1804.461 1807.236 GALAXY 3103_301_6_118 spiral
1237658803113951466 3103 301 6 190 1047.182 1260.409 7.943604 1057.508 1050.274 1258.392 1261.834 GALAXY 3103_301_6_190 spiral
1237658916384080068 3130 301 1 43 1178.641 863.4882 15.8328 1189.534 1181.602 863.5259 862.095 GALAXY 3130_301_1_43 spiral
1237658916386177155 3130 301 1 75 116.0533 1010.584 10.7954 127.2979 120.0263 1010.44 1009.348 GALAXY 3130_301_1_75 spiral
1237658916921147547 3130 301 2 46 699.4445 452.1386 18.86404 709.2078 702.7922 451.6837 451.4477 GALAXY 3130_301_2_46 spiral
1237658916922261700 3130 301 2 63 501.7128 549.0804 10.5881 511.41 505.1051 548.4144 548.1803 GALAXY 3130_301_2_63 spiral
1237658916922392624 3130 301 2 65 1086.701 1619.595 15.34539 1096.657 1090.028 1619.577 1619.483 GALAXY 3130_301_2_65 spiral
1237658917996986488 3130 301 4 78 289.1703 1167.032 5.636896 298.9484 292.6307 1165.668 1167.429 GALAXY 3130_301_4_78 spiral
1237658919070531780 3130 301 6 75 1126.445 1050.34 11.71428 1137.997 1129.632 1051.732 1052.695 GALAXY 3130_301_6_75 spiral
1237659346416500741 3230 301 2 25 157.6012 1281.318 9.238961 168.2091 160.3255 1281.898 1280.359 GALAXY 3230_301_2_25 spiral
1237660612900683898 3525 301 1 112 433.4849 1709.543 12.52004 444.8461 437.7119 1710.772 1707.446 GALAXY 3525_301_1_112 spiral
1237660612898717908 3525 301 1 82 826.6682 1580.116 11.08296 837.8415 830.8513 1581.118 1578.051 GALAXY 3525_301_1_82 spiral
1237660613977571495 3525 301 3 160 243.1712 515.4365 18.11155 253.219 246.2256 514.8052 513.1479 GALAXY 3525_301_3_160 spiral
1237660936629256230 3600 301 4 42 471.9366 1437.038 12.21447 481.7158 475.1414 1434.611 1437.038 GALAXY 3600_301_4_42 spiral
1237661068710248619 3631 301 2 206 1202.843 712.5313 8.212321 1214.091 1205.834 714.1564 711.8652 GALAXY 3631_301_2_206 spiral
1237661069243449478 3631 301 3 150 1279.331 251.1126 21.05791 1290.523 1282.5 250.6405 249.4761 GALAXY 3631_301_3_150 spiral
1237661069245284654 3631 301 3 178 1032.243 1800.813 10.98303 1042.302 1034.748 1802.145 1799.733 GALAXY 3631_301_3_178 spiral
1237661069249871911 3631 301 3 248 918.6929 1203.422 10.33249 928.7536 921.41 1205.123 1202.42 GALAXY 3631_301_3_248 spiral
1237661069779599554 3631 301 4 139 1276.084 892.3055 8.356044 1286.51 1279.019 892.9352 892.4042 GALAXY 3631_301_4_139 spiral
1237661152449658951 3650 301 6 16 88.66048 389.6326 11.83657 100.5895 91.53222 390.1072 392.0337 GALAXY 3650_301_6_16 spiral
1237661356997607569 3698 301 3 18 587.9417 137.2491 7.920071 599.1778 591.0395 135.7636 135.8087 GALAXY 3698_301_3_18 spiral
1237661381698388173 3704 301 1 90 1340.791 1302.96 5.784307 1353.106 1344.143 1305.155 1301.923 GALAXY 3704_301_1_90 spiral
1237661818176340052 3805 301 6 119 222.6071 1734.715 11.78056 233.1275 225.3424 1737.242 1736.61 GALAXY 3805_301_6_119 spiral
1237661970655609043 3841 301 2 240 651.5794 363.0406 11.85121 662.1568 654.3755 365.5635 362.6046 GALAXY 3841_301_2_240 spiral
1237661976014291112 3842 301 4 87 1092.168 1723.974 14.90613 1103.782 1095.126 1725.739 1724.515 GALAXY 3842_301_4_87 spiral
1237662223554052110 3900 301 1 732 337.4207 959.2902 11.13998 349.3516 340.8589 963.3286 958.0488 GALAXY 3900_301_1_732 spiral
1237662224591683734 3900 301 3 181 1385.635 1342.618 15.74538 1396.629 1388.801 1343.196 1341.558 GALAXY 3900_301_3_181 spiral
1237662225128357980 3900 301 4 178 331.4328 974.6693 6.070892 342.4015 334.6044 975.0049 975.109 GALAXY 3900_301_4_178 spiral
1237662225664507908 3900 301 5 167 66.27489 1241.732 25.7803 76.62904 68.80217 1242.417 1244.238 GALAXY 3900_301_5_167 spiral
1237662263774609475 3909 301 4 49 137.2016 1039.179 5.859892 146.8093 140.6847 1039.03 1039.087 GALAXY 3909_301_4_49 spiral
1237662264309710994 3909 301 5 22 1115.927 1863.557 4.706412 1124.991 1118.853 1864.42 1865.805 GALAXY 3909_301_5_22 spiral
1237662528989495476 3971 301 2 59 240.9891 1296.89 8.622779 251.3041 243.9298 1299.115 1296.656 GALAXY 3971_301_2_59 spiral
1237662530061402333 3971 301 4 31 275.2988 1336.497 8.790888 286.0823 278.3302 1338.132 1336.877 GALAXY 3971_301_4_31 spiral
1237662530600894478 3971 301 5 71 736.4805 1729.021 7.703392 746.159 739.2286 1730.906 1731.11 GALAXY 3971_301_5_71 spiral
1237662531137896574 3971 301 6 73 418.7911 701.1923 4.658579 430.398 421.3018 704.5026 703.5891 GALAXY 3971_301_6_73 spiral
1237662661603033351 4002 301 1 157 632.2875 443.3713 7.565081 642.8973 635.2325 449.9093 443.3496 GALAXY 4002_301_1_157 spiral
1237662661606834483 4002 301 1 215 1099.795 1528.027 9.147495 1109.876 1102.659 1532.799 1526.717 GALAXY 4002_301_1_215 spiral
1237662696497020959 4010 301 2 117 324.0496 1060.645 14.4536 333.8629 327.0382 1064.063 1060.698 GALAXY 4010_301_2_117 spiral
1237662697035071821 4010 301 3 135 1052.728 506.7451 6.489275 1061.941 1055.589 507.5847 506.0098 GALAXY 4010_301_3_135 spiral
1237662697035989243 4010 301 3 149 1342.848 197.9089 6.324674 1351.757 1345.662 198.1083 196.5412 GALAXY 4010_301_3_149 spiral
1237662697031532639 4010 301 3 81 109.2439 645.2538 11.04211 119.0571 112.2861 649.324 644.8331 GALAXY 4010_301_3_81 spiral
1237662697576137277 4010 301 4 199 1359.969 1545.179 6.223817 1368.868 1362.814 1543.749 1545.016 GALAXY 4010_301_4_199 spiral
1237662698108289377 4010 301 5 127 1146.335 478.0179 6.285131 1155.36 1149.034 480.1202 480.5835 GALAXY 4010_301_5_127 spiral
1237662698114777111 4010 301 5 226 174.581 1220.427 11.61715 183.2461 177.3293 1218.432 1221.911 GALAXY 4010_301_5_226 spiral
1237662698115039460 4010 301 5 230 1149.885 1260.191 4.437258 1158.59 1152.705 1258.188 1261.374 GALAXY 4010_301_5_230 spiral
1237662698105995535 4010 301 5 92 932.7748 1766.51 7.027381 942.217 935.6846 1770.802 1769.434 GALAXY 4010_301_5_92 spiral
1237663529721331949 4204 301 2 127 1198.508 599.916 8.442017 1208.415 1202.099 600.2903 599.0189 GALAXY 4204_301_2_127 spiral
1237663529724018848 4204 301 2 168 257.5306 944.4038 10.19907 267.3301 261.2987 944.8179 943.9365 GALAXY 4204_301_2_168 spiral
1237663530256040322 4204 301 3 94 1165.829 1139.678 7.941169 1175.291 1168.984 1139.775 1138.151 GALAXY 4204_301_3_94 spiral
1237663530802937985 4204 301 4 247 332.9616 1678.747 5.836615 342.2092 336.5815 1676.975 1678.506 GALAXY 4204_301_4_247 spiral
1237663530789830984 4204 301 4 47 353.2122 724.6003 9.072391 362.8941 355.9258 724.7139 724.0398 GALAXY 4204_301_4_47 spiral
1237663530791403789 4204 301 4 71 940.4139 1488.052 15.93925 950.1154 943.8876 1486.613 1487.852 GALAXY 4204_301_4_71 spiral
1237663531330961604 4204 301 5 112 1079.134 1444.669 31.84225 1088.104 1082.075 1444.597 1446.152 GALAXY 4204_301_5_112 spiral
1237663531332599939 4204 301 5 137 269.2657 228.7824 4.545692 278.5394 272.3651 227.6543 230.1016 GALAXY 4204_301_5_137 spiral
1237663531333517552 4204 301 5 151 1133.438 209.2407 9.021063 1142.407 1136.8 208.5461 210.7349 GALAXY 4204_301_5_151 spiral
1237663531337973846 4204 301 5 219 657.0078 327.1583 10.4099 666.2582 660.6328 325.9286 328.3483 GALAXY 4204_301_5_219 spiral
1237663531338498180 4204 301 5 227 243.898 667.4338 10.05766 252.8443 247.155 666.8232 668.9717 GALAXY 4204_301_5_227 spiral
1237663546899955735 4208 301 2 108 248.0807 625.507 12.30947 257.6169 251.2456 625.9016 624.7461 GALAXY 4208_301_2_108 spiral
1237663546903363707 4208 301 2 160 217.4727 143.6233 13.1366 226.3807 220.431 144.9212 142.6874 GALAXY 4208_301_2_160 spiral
1237663546903822550 4208 301 2 167 1244.305 1702.189 8.752915 1254.049 1247.81 1703.848 1702.13 GALAXY 4208_301_2_167 spiral
1237663547433943315 4208 301 3 64 608.9919 894.8152 18.02071 618.6114 612.5287 894.7618 893.0009 GALAXY 4208_301_3_64 spiral
1237663547977236488 4208 301 4 162 152.9993 1083.705 11.63286 162.4003 156.1044 1083.932 1083.518 GALAXY 4208_301_4_162 spiral
1237663547969438101 4208 301 4 43 181.698 1126.692 8.597313 190.5527 185.0919 1125.692 1126.388 GALAXY 4208_301_4_43 spiral
1237663547971338449 4208 301 4 72 268.6349 1541.851 7.729705 278.9631 272.2151 1541.07 1541.638 GALAXY 4208_301_4_72 spiral
1237663548511748377 4208 301 5 126 876.0699 1553.998 13.95793 886.4001 879.7994 1553.892 1555.295 GALAXY 4208_301_5_126 spiral
1237663548518760674 4208 301 5 233 1263.606 639.7817 10.02347 1273.716 1266.925 638.7739 641.3734 GALAXY 4208_301_5_233 spiral
1237663786883219741 4264 301 1 138 1125.805 1040.735 10.3303 1136.504 1129.546 1041.112 1038.254 GALAXY 4264_301_1_138 spiral
1237663786876993881 4264 301 1 43 660.1486 515.6922 13.07834 671.5679 663.6593 515.2125 513.5132 GALAXY 4264_301_1_43 spiral
1237663787413274868 4264 301 2 34 371.6917 276.7036 6.224597 381.1101 374.612 277.2161 275.268 GALAXY 4264_301_2_34 spiral
1237663787414847916 4264 301 2 58 869.0792 1475.771 10.78757 879.2389 872.5502 1475.24 1474.256 GALAXY 4264_301_2_58 spiral
1237663788488130997 4264 301 4 51 973.2473 636.6528 6.771406 983.7418 976.2028 633.5766 635.7731 GALAXY 4264_301_4_51 spiral
1237663917335052608 4294 301 4 19 538.8478 296.5842 5.857401 549.1617 542.1381 292.9078 295.5095 GALAXY 4294_301_4_19 spiral
1237664092365914275 4335 301 2 186 652.2211 1199.671 8.347116 662.116 655.9276 1199.95 1198.912 GALAXY 4335_301_2_186 spiral
1237664092367487124 4335 301 2 210 756.2208 536.3105 7.258488 765.3179 759.4254 537.0069 536.1125 GALAXY 4335_301_2_210 spiral
1237664092368273612 4335 301 2 222 1398.064 1858.301 6.774908 1408.783 1401.36 1858.612 1858.18 GALAXY 4335_301_2_222 spiral
1237664093440573684 4335 301 4 200 1259.532 768.7892 6.89711 1268.455 1262.645 767.775 768.5595 GALAXY 4335_301_4_200 spiral
1237664093442539657 4335 301 4 230 873.3141 691.3184 10.19879 882.45 876.3723 689.3964 690.5942 GALAXY 4335_301_4_230 spiral
1237664093977313480 4335 301 5 198 935.6061 1527.119 7.383523 944.3 938.6447 1526.958 1528.612 GALAXY 4335_301_5_198 spiral
1237664104704966684 4338 301 1 49 513.959 1027.922 6.595672 525.5324 517.6154 1029.653 1026.247 GALAXY 4338_301_1_49 spiral
1237664105241182476 4338 301 2 39 1103.68 756.8077 10.65165 1114.116 1107.032 758.5999 756.1423 GALAXY 4338_301_2_39 spiral
1237664105776808180 4338 301 3 20 1104.813 1391.224 5.059996 1114.774 1107.799 1392.353 1390.482 GALAXY 4338_301_3_20 spiral
1237664106313547981 4338 301 4 18 916.925 128.3965 18.58275 926.7855 920.1491 128.1583 127.9344 GALAXY 4338_301_4_18 spiral
1237664106314203390 4338 301 4 28 1034.681 77.91968 6.374043 1044.789 1037.428 77.87463 77.60367 GALAXY 4338_301_4_28 spiral
1237664131010068777 4344 301 2 25 702.3859 444.7523 10.97481 712.3457 705.2551 447.4653 444.2176 GALAXY 4344_301_2_25 spiral
1237664131548774545 4344 301 3 53 1293.341 1880.174 13.55698 1303.559 1296.291 1882.691 1879.461 GALAXY 4344_301_3_53 spiral
1237664132084269258 4344 301 4 32 447.197 725.5289 6.410314 457.6764 450.1785 726.1919 725.3204 GALAXY 4344_301_4_32 spiral
1237664285636755493 4380 301 2 145 165.8356 1504.657 11.036 176.9609 168.8437 1507.967 1504.739 GALAXY 4380_301_2_145 spiral
1237664289400553691 4381 301 1 232 593.1489 1811.802 13.93381 604.8258 596.789 1813.802 1809.795 GALAXY 4381_301_1_232 spiral
1237664289937883354 4381 301 2 239 1374.483 1501.936 4.902132 1385.062 1377.735 1504.633 1502.001 GALAXY 4381_301_2_239 spiral
1237664291547775111 4381 301 5 228 310.8628 296.6111 16.83931 321.1465 314.2277 297.3552 298.3175 GALAXY 4381_301_5_228 spiral
1237664291548430520 4381 301 5 238 1357.51 92.4398 6.304051 1367.716 1361.085 93.13109 94.04233 GALAXY 4381_301_5_238 spiral
1237664667893497987 4469 301 2 216 1019.547 1342.794 6.291657 1030.816 1022.717 1347.205 1342.869 GALAXY 4469_301_2_216 spiral
1237664668431679588 4469 301 3 236 671.489 1630.569 10.11837 681.6948 674.4178 1631.073 1629.888 GALAXY 4469_301_3_236 spiral
1237664668969533631 4469 301 4 251 1284.791 1898.009 10.72542 1296.301 1288.17 1898.274 1898.656 GALAXY 4469_301_4_251 spiral
1237664669503127769 4469 301 5 201 1090.661 674.9464 8.309703 1101.648 1093.766 675.6694 676.636 GALAXY 4469_301_5_201 spiral
1237664834858057874 4508 301 1 181 356.377 689.2942 6.549031 369.8911 359.6714 689.9919 688.0887 GALAXY 4508_301_1_181 spiral
1237664835396763990 4508 301 2 209 1388.408 1337.905 11.60772 1399.997 1392.083 1337.954 1337.467 GALAXY 4508_301_2_209 spiral
1237664835931930655 4508 301 3 183 432.5149 1740.423 15.33397 444.4993 435.1464 1740.801 1739.568 GALAXY 4508_301_3_183 spiral
1237664836469850283 4508 301 4 199 682.7713 1096.605 15.12652 694.9041 685.7273 1095.192 1096.905 GALAXY 4508_301_4_199 spiral
1237664836470374509 4508 301 4 207 1277.681 1157.399 17.40573 1289.775 1280.508 1156.55 1157.537 GALAXY 4508_301_4_207 spiral
1237664836470898784 4508 301 4 215 770.4523 1865.184 6.195866 781.8492 773.639 1864.304 1865.453 GALAXY 4508_301_4_215 spiral
1237664852575912202 4512 301 2 198 1235.007 1116.956 10.40861 1244.272 1237.841 1122.258 1117.714 GALAXY 4512_301_2_198 spiral
1237664853113766045 4512 301 3 213 1310.872 1136.924 10.38342 1319.572 1313.089 1139.35 1136.208 GALAXY 4512_301_3_213 spiral
1237664853115339059 4512 301 3 237 1054.649 637.4025 8.802361 1063.83 1057.215 636.9977 635.9332 GALAXY 4512_301_3_237 spiral
1237664853651751130 4512 301 4 230 779.35 202.6203 7.454442 787.8885 782.0219 200.9924 202.7225 GALAXY 4512_301_4_230 spiral
1237664853654503640 4512 301 4 272 394.2226 1313.088 7.14804 405.2041 397.2989 1310.119 1312.961 GALAXY 4512_301_4_272 spiral
1237664854185083040 4512 301 5 176 507.277 829.2446 8.597341 514.6413 509.5672 836.2865 833.1368 GALAXY 4512_301_5_176 spiral
1237664854186918241 4512 301 5 204 1318.099 1382.869 6.457886 1326.731 1320.71 1386.566 1385.673 GALAXY 4512_301_5_204 spiral
1237664877803208837 4518 301 1 112 267.1483 145.184 4.840732 279.2727 270.322 145.4424 144.1052 GALAXY 4518_301_1_112 spiral
1237664877801504874 4518 301 1 86 112.4805 286.5489 6.902732 124.8642 117.1043 287.0203 283.9105 GALAXY 4518_301_1_86 spiral
1237664878875705448 4518 301 3 93 323.1922 640.8878 12.83892 333.9821 325.8726 640.9391 639.8074 GALAXY 4518_301_3_93 spiral
1237664879410675853 4518 301 4 64 375.8168 1352.141 5.66978 387.7365 379.0998 1351.946 1352.502 GALAXY 4518_301_4_64 spiral
1237665098463445183 4569 301 4 208 837.4731 998.0613 13.09323 849.0733 840.5127 998.0917 998.2043 GALAXY 4569_301_4_208 spiral
1237665103833202906 4570 301 6 224 578.3595 699.3685 19.36633 590.9536 581.4723 702.6321 702.2698 GALAXY 4570_301_6_224 spiral
1237665127457357898 4576 301 2 252 293.1476 67.35549 8.017178 304.1813 295.9121 68.31055 66.63795 GALAXY 4576_301_2_252 spiral
1237665129065480388 4576 301 5 214 1272.791 1809.315 15.79591 1283.839 1275.964 1810.495 1811.702 GALAXY 4576_301_5_214 spiral
1237665232670228631 4600 301 6 41 675.3361 584.2568 9.255771 687.2855 677.858 587.3958 587.0469 GALAXY 4600_301_6_41 spiral
1237671122687885381 5972 301 1 146 683.8947 1952.341 6.462184 697.4554 687.9262 1956.796 1951.286 GALAXY 5972_301_1_146 spiral
1237671122690703743 5972 301 1 189 452.1944 268.4472 8.50902 466.0154 455.7951 272.866 267.5788 GALAXY 5972_301_1_189 spiral
1237671122692866263 5972 301 1 222 1184.362 1809.28 8.963394 1196.928 1188.07 1814.428 1808.228 GALAXY 5972_301_1_222 spiral
1237671127517102263 5973 301 2 106 1120.446 1240.538 8.062555 1132.14 1123.588 1243.548 1240.555 GALAXY 5973_301_2_106 spiral
1237671128056463642 5973 301 3 144 883.0826 1792.803 6.611009 894.5178 886.0904 1795.504 1792.451 GALAXY 5973_301_3_144 spiral
1237671128053055532 5973 301 3 92 1114.817 512.2409 13.20888 1125.99 1117.329 513.5275 511.2981 GALAXY 5973_301_3_92 spiral
1237671128587501805 5973 301 4 55 729.1125 437.9277 12.2976 741.0882 732.2601 438.4605 438.1465 GALAXY 5973_301_4_55 spiral
1237671129130401913 5973 301 5 147 508.1081 1000.207 7.597837 519.1115 510.8979 1002.481 1002.42 GALAXY 5973_301_5_147 spiral
1237671129124044930 5973 301 5 50 567.6879 1568.154 14.83274 579.7053 570.5479 1569.305 1569.766 GALAXY 5973_301_5_50 spiral
1237671129660653810 5973 301 6 46 1270.123 396.1269 10.90138 1283.552 1272.692 398.4098 398.7787 GALAXY 5973_301_6_46 spiral
1237671129661505653 5973 301 6 59 791.772 234.0639 13.24146 804.657 794.3661 237.3116 236.8232 GALAXY 5973_301_6_59 spiral
1237671139872211114 5976 301 1 214 882.4826 279.0257 7.396817 893.3828 885.1747 285.0966 278.8743 GALAXY 5976_301_1_214 spiral
1237671140405936413 5976 301 2 166 620.2458 607.7996 4.805432 629.491 622.2214 612.1097 607.8997 GALAXY 5976_301_2_166 spiral
1237671142016155872 5976 301 5 160 1303.515 1526.351 9.030267 1313.369 1306.16 1530.182 1528.942 GALAXY 5976_301_5_160 spiral
1237671142016352533 5976 301 5 163 506.1911 1689.307 7.766594 515.9296 508.754 1693.521 1692.038 GALAXY 5976_301_5_163 spiral
1237671142016418009 5976 301 5 164 1108.482 1654.282 9.654127 1118.25 1110.845 1658.372 1656.812 GALAXY 5976_301_5_164 spiral
1237671142553223207 5976 301 6 163 855.5781 1635.286 19.05727 866.9856 857.7097 1640.871 1637.804 GALAXY 5976_301_6_163 spiral
1237671930672709685 6160 301 2 56 372.4226 1935.351 8.041295 382.6459 375.3999 1937.686 1935.346 GALAXY 6160_301_2_56 spiral
1237671932283322543 6160 301 5 56 956.2614 132.3537 5.91862 966.5196 959.2032 133.9806 133.7666 GALAXY 6160_301_5_56 spiral
1237671958052012193 6166 301 5 39 349.4657 1901.881 12.1216 358.5142 352.7961 1906.525 1905.117 GALAXY 6166_301_5_39 spiral
1237673704504164621 6573 301 2 208 365.8444 112.1351 9.79145 376.6701 369.3518 113.774 111.5573 GALAXY 6573_301_2_208 spiral
1237673705040183863 6573 301 3 195 1351.64 188.0441 6.0425 1363.101 1355.475 188.3913 186.932 GALAXY 6573_301_3_195 spiral
1237673705577316746 6573 301 4 199 598.0115 106.3599 10.3352 609.1201 601.6555 105.7818 106.2352 GALAXY 6573_301_4_199 spiral
1237673706114515311 6573 301 5 204 323.1698 1026.226 9.028079 333.5096 326.8716 1026.849 1028.203 GALAXY 6573_301_5_204 spiral
1237673706651779130 6573 301 6 210 748.6375 133.6478 81.67745 760.3364 751.8818 135.1615 136.4844 GALAXY 6573_301_6_210 spiral
1237674475438932209 6752 301 6 27 1389.865 409.1791 8.100578 1402.223 1392.572 408.5293 411.3383 GALAXY 6752_301_6_27 spiral
1237674648854265966 6793 301 1 119 163.3158 1190.906 7.926882 176.2172 166.7277 1191.915 1188.722 GALAXY 6793_301_1_119 spiral
1237674649391333465 6793 301 2 122 1045.776 693.5271 12.95615 1057.511 1048.837 694.3575 692.6289 GALAXY 6793_301_2_122 spiral
1237674649925451833 6793 301 3 80 217.8387 1503.69 11.64274 228.7737 220.7988 1504.32 1502.376 GALAXY 6793_301_3_80 spiral
1237648702967251093 752 301 1 278 946.6396 1512.992 8.620624 961.7038 951.0139 1518.184 1511.703 GALAXY 752_301_1_278 spiral
1237648703505629321 752 301 2 301 752.9887 770.9996 12.89731 765.8124 756.3086 774.503 770.6469 GALAXY 752_301_2_301 spiral
1237648704583434629 752 301 4 363 1284.266 360.7476 18.01763 1296.335 1288.148 363.6918 360.6988 GALAXY 752_301_4_363 spiral
1237648704598311361 752 301 4 590 161.1172 623.9117 7.105683 172.8656 164.3874 627.676 624.2681 GALAXY 752_301_4_590 spiral
1237648705116831849 752 301 5 310 171.4057 324.4838 6.038449 186.6686 178.0417 327.9091 326.2285 GALAXY 752_301_5_310 spiral
1237648705119060115 752 301 5 344 764.4883 1776.048 7.780798 776.5886 767.817 1778.997 1778.212 GALAXY 752_301_5_344 spiral
1237648720159309954 756 301 1 464 830.0154 1754.932 11.9069 842.2467 833.5981 1755.616 1752.331 GALAXY 756_301_1_464 spiral
1237648720163635352 756 301 1 530 1181.472 1649.795 10.45345 1193.245 1185.357 1649.347 1646.656 GALAXY 756_301_1_530 spiral
1237648720690937975 756 301 2 384 559.9172 1567.598 6.727467 571.2828 563.3067 1568.72 1566.757 GALAXY 756_301_2_384 spiral
1237648720697360592 756 301 2 482 1178.826 433.6189 5.750159 1189.744 1182.066 433.5835 432.0821 GALAXY 756_301_2_482 spiral
1237648720715907223 756 301 2 765 195.7614 1755.644 7.113612 207.1362 198.8492 1754.266 1754.546 GALAXY 756_301_2_765 spiral
1237648721226563768 756 301 3 365 251.5085 1856.166 7.487393 261.8667 254.9479 1856.298 1855.167 GALAXY 756_301_3_365 spiral
1237648721229774924 756 301 3 414 1388.924 1516.527 11.13892 1399.868 1392.154 1517.74 1515.04 GALAXY 756_301_3_414 spiral
1237648721232855215 756 301 3 461 435.2438 473.3123 6.835567 445.7844 438.3298 473.0478 471.534 GALAXY 756_301_3_461 spiral
1237648721252778376 756 301 3 765 1201.37 1791.45 5.821135 1212.436 1204.771 1789.476 1789.224 GALAXY 756_301_3_765 spiral
1237648721768743049 756 301 4 446 412.4843 614.8093 7.384284 423.4696 415.519 614.8449 614.2471 GALAXY 756_301_4_446 spiral
1237648721769070765 756 301 4 451 883.6862 820.4056 7.495107 894.9573 887.048 820.5392 820.1768 GALAXY 756_301_4_451 spiral
1237648721788862759 756 301 4 753 192.6738 1259.698 8.06989 203.9532 196.113 1258.799 1259.372 GALAXY 756_301_4_753 spiral
1237648721791615202 756 301 4 795 176.9458 159.1226 6.280416 188.0205 179.8365 156.78 157.8583 GALAXY 756_301_4_795 spiral
1237648722300305504 756 301 5 365 1181.637 1524.134 7.438523 1192.181 1185.057 1524.143 1525.788 GALAXY 756_301_5_365 spiral
1237648722305482951 756 301 5 444 733.3545 1121.756 7.948513 743.9813 736.4033 1121.57 1122.772 GALAXY 756_301_5_444 spiral
1237648722307645629 756 301 5 477 1308.978 1785.957 16.5097 1320.282 1312.25 1785.643 1787.523 GALAXY 756_301_5_477 spiral
1237648722837569753 756 301 6 371 860.2264 1683.351 8.168935 872.3091 862.8654 1685.163 1684.713 GALAXY 756_301_6_371 spiral
1237648722841960596 756 301 6 438 1005.188 342.6351 6.933386 1017.799 1008.373 343.9368 344.4439 GALAXY 756_301_6_438 spiral
