objID run rerun camcol field rowc colc petroRad_r rowc_g rowc_i colc_g colc_i class imageName morphology
1237649918970495102 1035 301 2 135 221.0907 1336.371 6.758526 232.466 224.3882 1340.462 1336.633 GALAXY 1035_301_2_135 elliptical
1237653651846136082 1904 301 3 321 1095.608 488.5734 8.458065 1106.35 1098.312 477.5691 484.1322 GALAXY 1904_301_3_321 elliptical
1237649954406596746 1043 301 4 175 1391.631 954.2643 4.710764 1401.727 1394.29 955.4614 954.1195 GALAXY 1043_301_4_175 elliptical
1237653651847184529 1904 301 3 337 846.7922 1622.033 4.296355 857.658 849.4873 1611.862 1618.019 GALAXY 1904_301_3_337 elliptical
1237653651847053599 1904 301 3 335 1061.038 144.0172 5.035729 1071.59 1063.521 132.8582 139.3537 GALAXY 1904_301_3_335 elliptical
1237653651847118944 1904 301 3 336 976.9046 1470.077 1.979559 987.7766 979.7106 1459.962 1465.963 GALAXY 1904_301_3_336 elliptical
1237649920045088961 1035 301 4 148 1158.978 306.9553 3.59271 1169.733 1161.917 309.969 307.2559 GALAXY 1035_301_4_148 elliptical
1237649918434607250 1035 301 1 150 582.4552 311.2974 3.390701 595.3336 585.907 314.8572 310.3575 GALAXY 1035_301_1_150 elliptical
1237651495753220555 1402 301 3 26 669.4788 1817.675 7.006842 678.393 671.5 1808.007 1814.571 GALAXY 1402_301_3_26 elliptical
1237651496291074309 1402 301 4 41 310.6685 1614.09 3.767456 320.0719 313.1859 1604.443 1612.35 GALAXY 1402_301_4_41 elliptical
1237673703967883579 6573 301 1 217 567.7314 439.0884 8.85108 580.0953 571.6957 440.6182 437.8709 GALAXY 6573_301_1_217 elliptical
1237651250941395085 1345 301 3 46 771.2835 1395.558 3.89279 779.2479 773.5428 1387.734 1392.688 GALAXY 1345_301_3_46 elliptical
1237653589017362909 1889 301 6 94 1211.871 590.6661 6.053861 1223.779 1214.79 585.6738 591.3267 GALAXY 1889_301_6_94 elliptical
1237651190814867864 1331 301 3 92 1032.526 1241.873 4.756464 1042.302 1035.122 1236.093 1239.762 GALAXY 1331_301_3_92 elliptical
1237651496293957961 1402 301 4 85 1379.222 1697.768 5.52078 1388.556 1381.709 1686.763 1695.927 GALAXY 1402_301_4_85 elliptical
1237651496831484197 1402 301 5 95 859.9905 1518.948 4.888852 868.9205 862.524 1507.505 1518.941 GALAXY 1402_301_5_95 elliptical
1237651250943557940 1345 301 3 79 386.0699 566.0145 3.630395 394.527 388.614 556.5621 562.8323 GALAXY 1345_301_3_79 elliptical
1237673706117398718 6573 301 5 248 97.10278 1354.646 3.78677 106.3589 100.449 1356.467 1356.831 GALAXY 6573_301_5_248 elliptical
1237651495221657734 1402 301 2 107 120.6492 991.7462 3.28814 130.2135 123.5679 981.1073 989.0787 GALAXY 1402_301_2_107 elliptical
1237651496832270428 1402 301 5 107 821.4101 893.1827 4.969336 830.5172 824.0772 881.7425 892.7278 GALAXY 1402_301_5_107 elliptical
1237651273494495405 1350 301 5 115 480.6759 1465.301 3.168565 489.3654 483.7153 1458.107 1465.728 GALAXY 1350_301_5_115 elliptical
1237651495221133522 1402 301 2 99 352.0916 349.7991 6.029904 360.8263 354.482 338.7484 346.7555 GALAXY 1402_301_2_99 elliptical
1237651252018872452 1345 301 5 103 969.6713 1355.639 3.131197 979.6848 973.2676 1345.081 1354.823 GALAXY 1345_301_5_103 elliptical
1237651250945327307 1345 301 3 106 928.3165 1534.849 6.419882 937.7363 931.0583 1524.566 1531.302 GALAXY 1345_301_3_106 elliptical
1237651496833253677 1402 301 5 122 932.4092 909.5336 9.369806 941.3553 934.7991 898.1235 909.1139 GALAXY 1402_301_5_122 elliptical
1237651496296579334 1402 301 4 125 1057.241 576.0172 4.524217 1066.491 1059.491 564.7723 573.6789 GALAXY 1402_301_4_125 elliptical
1237651272422195481 1350 301 3 137 803.304 1541.352 6.717296 811.6957 806.0615 1533.931 1539.079 GALAXY 1350_301_3_137 elliptical
1237651192428888096 1331 301 6 144 614.1065 1901.491 1.86111 624.6342 616.2693 1896.91 1902.104 GALAXY 1331_301_6_144 elliptical
1237651192429216021 1331 301 6 149 954.6359 1686.642 9.384631 965.629 956.8456 1682.625 1687.622 GALAXY 1331_301_6_149 elliptical
1237651533334446327 1411 301 1 30 681.4819 126.1588 6.392304 691.9161 684.3018 121.1581 124.1261 GALAXY 1411_301_1_30 elliptical
1237651271886045425 1350 301 2 148 1406.138 1207.031 7.916907 1415.993 1408.854 1200.139 1205.384 GALAXY 1350_301_2_148 elliptical
1237651272959394126 1350 301 4 142 392.9541 79.26775 7.08394 401.1814 395.1936 71.50087 77.59413 GALAXY 1350_301_4_142 elliptical
1237651496297496768 1402 301 4 139 914.6642 1913.455 5.217791 924.3102 917.397 1901.36 1911.42 GALAXY 1402_301_4_139 elliptical
1237651273496658127 1350 301 5 148 774.7775 197.9934 5.355844 783.603 777.1765 190.2002 198.2637 GALAXY 1350_301_5_148 elliptical
1237651495760756995 1402 301 3 141 1145.288 546.2988 2.562014 1154.087 1147.597 533.8638 542.2198 GALAXY 1402_301_3_141 elliptical
1237651250946572498 1345 301 3 125 804.0097 409.5863 5.227887 811.7095 806.5454 397.7917 405.7182 GALAXY 1345_301_3_125 elliptical
1237651252557512880 1345 301 6 130 1371.336 700.0233 13.69446 1381.446 1373.616 690.637 699.9725 GALAXY 1345_301_6_130 elliptical
1237651271885848695 1350 301 2 145 75.41626 386.6798 4.364197 84.86599 77.98071 379.6071 384.4376 GALAXY 1350_301_2_145 elliptical
1237651191893262429 1331 301 5 163 1226.451 1673.598 8.71531 1235.727 1229.209 1667.669 1674.639 GALAXY 1331_301_5_163 elliptical
1237651252021166162 1345 301 5 138 858.9398 384.5871 7.853887 868.4305 861.3492 374.1564 383.5887 GALAXY 1345_301_5_138 elliptical
1237651252021100781 1345 301 5 137 1409.638 900.8887 4.810678 1418.939 1412.178 890.2925 899.8879 GALAXY 1345_301_5_137 elliptical
1237651252021428372 1345 301 5 142 247.3381 908.5233 9.155514 257.7381 250.1757 898.7132 908.2278 GALAXY 1345_301_5_142 elliptical
1237651191356653863 1331 301 4 167 921.3181 1685.103 4.999117 931.1612 923.6826 1678.998 1684.28 GALAXY 1331_301_4_167 elliptical
1237651702451142812 1450 301 4 66 802.9118 1212.408 7.558198 814.0826 805.5638 1199.5 1210.347 GALAXY 1450_301_4_66 elliptical
1237651534409171113 1411 301 3 45 484.2575 1243.892 3.281997 493.8216 486.9347 1239.537 1242.182 GALAXY 1411_301_3_45 elliptical
1237651534409171083 1411 301 3 45 273.5368 1503.644 4.711235 283.1131 276.2857 1499.39 1501.882 GALAXY 1411_301_3_45 elliptical
1237651190283567110 1331 301 2 177 157.9308 707.5096 7.811991 169.1547 160.8233 702.7443 706.5296 GALAXY 1331_301_2_177 elliptical
1237659132742598729 3180 301 4 36 1374.205 739.517 4.171693 1385.069 1377.039 736.4123 738.6712 GALAXY 3180_301_4_36 elliptical
1237658802581340231 3103 301 5 255 845.4958 894.1357 3.953589 854.0397 848.7801 890.0377 894.9802 GALAXY 3103_301_5_255 elliptical
1237659131670560891 3180 301 2 62 1049.864 1442.322 5.497875 1061.036 1052.921 1440.878 1441.537 GALAXY 3180_301_2_62 elliptical
1237659133281042626 3180 301 5 60 1168.058 1134.405 3.566971 1178.365 1170.643 1132.312 1135.608 GALAXY 3180_301_5_60 elliptical
1237659132207366324 3180 301 3 61 833.2028 1777.988 3.900123 843.7178 835.9072 1775.911 1776.201 GALAXY 3180_301_3_61 elliptical
1237659120933011584 3177 301 6 60 349.3914 888.1732 4.919927 359.8588 352.3546 887.3452 890.3096 GALAXY 3177_301_6_60 elliptical
1237659120933142708 3177 301 6 62 999.5334 288.5638 7.249513 1010.1 1002.586 287.6159 290.9194 GALAXY 3177_301_6_62 elliptical
1237659118786773124 3177 301 2 79 740.2284 569.41 5.885408 750.1357 743.606 567.0452 568.4968 GALAXY 3177_301_2_79 elliptical
1237659118249836738 3177 301 1 78 1245.887 1855.147 5.733646 1257.311 1249.686 1852.943 1852.597 GALAXY 3177_301_1_78 elliptical
1237659120934322259 3177 301 6 80 171.9875 1439.544 5.953884 182.0857 174.8036 1438.366 1441.059 GALAXY 3177_301_6_80 elliptical
1237659132746137677 3180 301 4 90 1088.288 915.8912 9.734333 1098.832 1090.994 913.3368 915.4666 GALAXY 3180_301_4_90 elliptical
1237659119861891169 3177 301 4 100 133.6493 538.2254 7.497537 142.9795 137.0509 534.5121 538.2142 GALAXY 3177_301_4_100 elliptical
1237659131673182411 3180 301 2 102 1063.509 1208.665 4.372044 1074.148 1066.516 1207.147 1207.386 GALAXY 3180_301_2_102 elliptical
1237659131135983815 3180 301 1 97 1091.142 917.4283 11.7202 1103.203 1094.299 915.8686 915.0677 GALAXY 3180_301_1_97 elliptical
1237659119860842571 3177 301 4 84 1150.019 572.0262 3.4836 1159.677 1152.994 568.3383 571.6671 GALAXY 3177_301_4_84 elliptical
1237661416067629158 3712 301 1 235 640.6423 835.249 12.65581 653.2331 643.5081 834.5772 833.5865 GALAXY 3712_301_1_235 elliptical
1237659131136901246 3180 301 1 111 211.8839 1349.433 6.311289 224.28 215.3248 1348.117 1346.824 GALAXY 3180_301_1_111 elliptical
1237659118788411618 3177 301 2 104 881.4693 963.6855 4.111412 891.5277 884.8337 961.8533 962.8348 GALAXY 3177_301_2_104 elliptical
1237659120399155388 3177 301 5 106 1220.942 1689.382 5.742235 1230.307 1224.272 1687.848 1691.593 GALAXY 3177_301_5_106 elliptical
1237659133284581476 3180 301 5 114 309.5402 403.902 4.182129 319.6017 312.2855 401.8133 404.9921 GALAXY 3180_301_5_114 elliptical
1237659132212150460 3180 301 3 134 1282.77 1840.248 4.134902 1293.665 1285.579 1838.828 1838.775 GALAXY 3180_301_3_134 elliptical
1237659133284843545 3180 301 5 118 461.2911 365.3057 2.275007 471.4726 464.1621 363.0463 366.4223 GALAXY 3180_301_5_118 elliptical
1237659119326003323 3177 301 3 115 368.3251 1442.453 3.416843 377.9017 371.7001 1439.594 1440.745 GALAXY 3177_301_3_115 elliptical
1237659132211429450 3180 301 3 123 138.1626 513.8331 3.781106 149.2926 141.0482 511.4321 511.8611 GALAXY 3180_301_3_123 elliptical
1237659132211429486 3180 301 3 123 438.0587 1167.049 5.347865 449.153 441.0001 1165.124 1165.379 GALAXY 3180_301_3_123 elliptical
1237648705133150396 752 301 5 559 273.4372 1336.761 4.752769 284.5514 276.7578 1340.799 1339.271 GALAXY 752_301_5_559 elliptical
1237648721788207355 756 301 4 743 820.0862 1111.211 6.332909 831.691 823.6047 1109.87 1110.385 GALAXY 756_301_4_743 elliptical
1237651735777771577 1458 301 2 686 554.5162 134.1891 8.307617 564.0082 556.522 135.7809 133.1395 GALAXY 1458_301_2_686 elliptical
1237648704596541814 752 301 4 563 790.988 1699.113 5.546495 802.9936 794.6553 1703.538 1699.969 GALAXY 752_301_4_563 elliptical
1237648704598311264 752 301 4 590 761.0122 130.1065 2.816402 772.7348 764.4028 133.6348 130.3657 GALAXY 752_301_4_590 elliptical
1237655693019054339 2379 301 5 164 1179.726 1907.059 4.34503 1188.635 1182.402 1906.857 1908.5 GALAXY 2379_301_5_164 elliptical
1237648721253826894 756 301 3 781 975.8763 981.1282 4.128822 986.9937 979.0463 980.613 979.4756 GALAXY 756_301_3_781 elliptical
1237651735243456753 1458 301 1 725 454.8914 1564.961 9.970459 466.5598 457.6727 1566.832 1563.024 GALAXY 1458_301_1_725 elliptical
1237651735243456879 1458 301 1 725 992.0123 1258.489 3.722252 1003.933 994.8909 1260.232 1256.547 GALAXY 1458_301_1_725 elliptical
1237650760239218778 1231 301 1 13 419.97 1219.8 2.735355 432.946 423.1972 1220.343 1217.273 GALAXY 1231_301_1_13 elliptical
1237650371551690855 1140 301 5 120 331.1508 1925.05 5.642893 341.817 334.4468 1924.445 1926.207 GALAXY 1140_301_5_120 elliptical
1237650762923769971 1231 301 6 16 947.751 1264.444 5.608336 959.89 949.7562 1265.623 1266.057 GALAXY 1231_301_6_16 elliptical
1237650369942323332 1140 301 2 139 562.9042 965.9535 3.776072 573.0629 565.7647 964.5712 964.8051 GALAXY 1140_301_2_139 elliptical
1237671142016221573 5976 301 5 161 1401.554 1099.788 4.935665 1411.185 1404.162 1103.344 1101.967 GALAXY 5976_301_5_161 elliptical
1237650371552346331 1140 301 5 130 1011.391 72.35321 8.664627 1021.651 1014.092 69.65977 72.828 GALAXY 1140_301_5_130 elliptical
1237650760778317952 1231 301 2 47 910.303 1831.359 4.698578 921.6777 913.563 1830.35 1829.568 GALAXY 1231_301_2_47 elliptical
1237650369943437450 1140 301 2 156 161.0965 595.5687 4.212384 171.3078 164.0118 594.1989 593.6881 GALAXY 1140_301_2_156 elliptical
1237671140405674210 5976 301 2 162 406.2542 1613.355 20.00065 415.926 409.0159 1617.873 1613.657 GALAXY 5976_301_2_162 elliptical
1237671142553354497 5976 301 6 165 897.2881 1079.858 5.205956 908.8854 899.2804 1085.247 1082.628 GALAXY 5976_301_6_165 elliptical
1237671126977347762 5973 301 1 62 164.5956 818.5498 3.916983 177.3369 167.7437 821.6387 817.126 GALAXY 5973_301_1_62 elliptical
1237671127514415308 5973 301 2 65 81.05175 801.9896 4.285704 91.91417 83.8863 804.8465 802.1089 GALAXY 5973_301_2_65 elliptical
1237671126977347842 5973 301 1 62 786.2562 1062.671 3.738465 798.9222 789.4448 1066.052 1061.307 GALAXY 5973_301_1_62 elliptical
1237671140943528009 5976 301 3 177 133.1959 203.6219 6.143277 143.0319 135.5517 207.6774 203.1373 GALAXY 5976_301_3_177 elliptical
1237650370481815825 1140 301 3 179 1344.364 367.8917 7.928769 1354.683 1346.914 365.3661 365.7835 GALAXY 1140_301_3_179 elliptical
1237650760779300939 1231 301 2 62 1077.826 268.5759 7.358655 1089.401 1080.463 269.6163 267.6339 GALAXY 1231_301_2_62 elliptical
1237650369407615141 1140 301 1 172 571.1066 283.3976 3.209261 582.1332 574.0753 281.4256 280.9501 GALAXY 1140_301_1_172 elliptical
1237650371554508985 1140 301 5 163 1359.947 1819.921 5.400733 1370.711 1362.952 1818.781 1821.485 GALAXY 1140_301_5_163 elliptical
1237650372091510986 1140 301 6 165 896.9652 820.7798 3.891934 909.7803 899.9628 820.1765 821.6488 GALAXY 1140_301_6_165 elliptical
1237650372091969697 1140 301 6 172 874.7288 107.7685 7.338958 886.4835 877.2957 107.1561 109.4585 GALAXY 1140_301_6_172 elliptical
1237650761853501640 1231 301 4 69 934.8638 1148.54 4.114541 946.4337 937.7408 1145.589 1147.37 GALAXY 1231_301_4_69 elliptical
1237650369944879396 1140 301 2 178 1021.41 1608.669 3.979451 1032.004 1024.493 1606.874 1607.381 GALAXY 1140_301_2_178 elliptical
1237650761854091435 1231 301 4 78 856.1985 1520.117 4.490774 867.4014 859.2217 1516.633 1519.092 GALAXY 1231_301_4_78 elliptical
1237650369947435223 1140 301 2 217 1004.061 485.2571 6.845226 1014.934 1006.926 483.913 483.6167 GALAXY 1140_301_2_217 elliptical
1237650372094263389 1140 301 6 207 317.394 470.5313 6.227232 329.9803 320.2184 469.9978 472.1088 GALAXY 1140_301_6_207 elliptical
1237650761855795347 1231 301 4 104 701.5029 1758.913 6.21127 712.8414 704.4042 1755.903 1757.995 GALAXY 1231_301_4_104 elliptical
1237650760246493331 1231 301 1 124 668.7985 1538.888 5.641779 682.1259 672.2143 1540.253 1536.703 GALAXY 1231_301_1_124 elliptical
1237650369948483714 1140 301 2 233 1234.684 1770.818 4.567817 1245.374 1237.785 1769.894 1769.534 GALAXY 1140_301_2_233 elliptical
1237650760783167775 1231 301 2 121 1298.157 1491.848 3.525503 1310.108 1301.116 1492.87 1491.379 GALAXY 1231_301_2_121 elliptical
1237650369948221672 1140 301 2 229 957.4161 384.1787 9.147189 967.8213 960.3212 382.9988 382.5471 GALAXY 1140_301_2_229 elliptical
1237650372096753725 1140 301 6 245 107.1348 477.9535 3.096806 119.8014 109.8612 477.5187 479.2815 GALAXY 1140_301_6_245 elliptical
1237657590320005281 2821 301 3 151 1086.302 1835.232 7.822374 1094.298 1089.726 1833.724 1833.372 GALAXY 2821_301_3_151 elliptical
1237657589784838248 2821 301 2 177 238.7441 1691.31 3.512831 248.1337 242.5953 1690.049 1690.547 GALAXY 2821_301_2_177 elliptical
1237657590321643582 2821 301 3 176 1089.119 626.4265 9.315139 1098.324 1092.617 624.004 624.5075 GALAXY 2821_301_3_176 elliptical
1237658801499013277 3103 301 3 124 536.4172 1188.663 4.330885 545.9783 540.1342 1185.027 1187.017 GALAXY 3103_301_3_124 elliptical
1237657591931732130 2821 301 6 168 1410.215 1110.673 9.05476 1421.021 1413.612 1109.868 1111.986 GALAXY 2821_301_6_168 elliptical
1237658800962994238 3103 301 2 137 138.8041 1580.546 5.450321 149.2353 142.6387 1577.361 1579.369 GALAXY 3103_301_2_137 elliptical
1237657589248884847 2821 301 1 191 1168.329 1716.04 3.899397 1179.198 1172.442 1714.273 1713.486 GALAXY 2821_301_1_191 elliptical
1237658801500586109 3103 301 3 148 440.756 1753.906 7.166991 449.941 443.91 1750.659 1752.377 GALAXY 3103_301_3_148 elliptical
1237657590322102445 2821 301 3 183 1395.416 1854.566 5.460604 1404.413 1398.929 1852.385 1853.028 GALAXY 2821_301_3_183 elliptical
1237657591932780779 2821 301 6 184 1404.729 1536.468 5.686214 1415.497 1408.169 1535.909 1537.78 GALAXY 2821_301_6_184 elliptical
1237658803110740010 3103 301 6 141 489.5446 761.8729 4.708117 500.0024 492.5617 759.9049 763.697 GALAXY 3103_301_6_141 elliptical
1237658802037260345 3103 301 4 145 248.8902 1126.121 4.379676 258.4752 252.8062 1122.731 1125.574 GALAXY 3103_301_4_145 elliptical
1237658800963780724 3103 301 2 149 1281.339 1284.391 3.565418 1291.708 1285.147 1281.579 1283.375 GALAXY 3103_301_2_149 elliptical
1237657591933960334 2821 301 6 202 339.258 1499.612 10.99151 350.0792 343.3114 1499.322 1501.05 GALAXY 2821_301_6_202 elliptical
1237658916383359106 3130 301 1 32 717.7628 1857.586 4.167903 727.8726 721.1903 1857.597 1855.593 GALAXY 3130_301_1_32 elliptical
1237658802039029977 3103 301 4 172 1163.19 210.4341 3.627105 1172.704 1166.581 206.6963 209.8761 GALAXY 3103_301_4_172 elliptical
1237657591934484571 2821 301 6 210 296.4326 351.5737 5.202005 306.718 300.0237 350.6714 353.2214 GALAXY 2821_301_6_210 elliptical
1237657591934877791 2821 301 6 216 1250.197 1152.171 4.413389 1260.89 1254.236 1151.601 1153.737 GALAXY 2821_301_6_216 elliptical
1237658801502879823 3103 301 3 183 417.85 558.317 3.324782 427.6481 421.5147 553.925 556.3708 GALAXY 3103_301_3_183 elliptical
1237658800965681320 3103 301 2 178 304.7297 1839.228 5.501186 315.3087 308.7787 1836.378 1838.492 GALAXY 3103_301_2_178 elliptical
1237658918531629152 3130 301 5 44 687.0168 454.6454 4.526306 696.1963 689.7875 453.0859 456.5091 GALAXY 3130_301_5_44 elliptical
1237658916385456394 3130 301 1 64 544.6695 1365.323 4.811968 555.8148 548.7009 1365.636 1363.653 GALAXY 3130_301_1_64 elliptical
1237658917458804860 3130 301 3 58 137.1428 1809.442 4.570556 146.1891 140.2847 1808.935 1808.655 GALAXY 3130_301_3_58 elliptical
1237658916385652797 3130 301 1 67 88.5726 1612.446 3.040918 99.62502 92.27509 1612.248 1610.598 GALAXY 3130_301_1_67 elliptical
1237658916923768949 3130 301 2 86 826.0809 697.5029 5.837379 835.3462 829.4589 697.3707 697.2621 GALAXY 3130_301_2_86 elliptical
1237658916386832424 3130 301 1 85 1105.241 118.5995 18.46198 1115.905 1108.993 118.0858 117.7122 GALAXY 3130_301_1_85 elliptical
1237658916923703307 3130 301 2 85 523.6102 1797.709 3.676439 533.5743 526.9849 1797.618 1797.528 GALAXY 3130_301_2_85 elliptical
1237658917460508767 3130 301 3 84 543.4088 1181.902 4.354976 552.5071 546.1857 1181.398 1180.72 GALAXY 3130_301_3_84 elliptical
1237658916923179065 3130 301 2 77 202.8483 553.7752 3.028959 212.5328 206.2021 553.7698 553.3699 GALAXY 3130_301_2_77 elliptical
1237658802041782409 3103 301 4 214 698.2786 1537.822 3.445395 707.8766 702.1646 1534.858 1537.628 GALAXY 3103_301_4_214 elliptical
1237658919071055997 3130 301 6 83 897.3284 1572.549 7.816028 908.1738 900.1488 1573.844 1574.468 GALAXY 3130_301_6_83 elliptical
1237658802579439763 3103 301 5 226 573.8544 1906.768 4.161809 582.744 577.0071 1903.565 1908.83 GALAXY 3103_301_5_226 elliptical
1237648704059539858 752 301 3 561 1177.611 1179.719 2.772743 1189.36 1181.088 1183.845 1179.099 GALAXY 752_301_3_561 elliptical
1237648704596148720 752 301 4 557 389.799 552.6988 9.453157 401.5955 393.0976 556.2985 553.157 GALAXY 752_301_4_557 elliptical
1237648721788535045 756 301 4 748 636.8185 355.655 2.960211 647.601 639.911 354.6604 354.8125 GALAXY 756_301_4_748 elliptical
1237648705670480261 752 301 6 566 787.7915 549.6259 4.984062 800.9115 790.8511 554.7425 552.4877 GALAXY 752_301_6_566 elliptical
1237648702986518656 752 301 1 572 1180.482 1570.635 3.456114 1194.832 1184.603 1573.981 1569.267 GALAXY 752_301_1_572 elliptical
1237648704597000547 752 301 4 570 877.0787 1666.912 4.563835 888.8392 880.5157 1670.503 1667.647 GALAXY 752_301_4_570 elliptical
1237655468062605515 2327 301 2 49 1065.351 1455.998 4.096069 1074.923 1068.377 1459.544 1455.884 GALAXY 2327_301_2_49 elliptical
1237648705671069987 752 301 6 575 970.5932 448.7215 5.452641 983.7339 973.3798 452.2068 451.6603 GALAXY 752_301_6_575 elliptical
1237648705134592201 752 301 5 581 1199.769 1059.729 9.708439 1211.226 1203.186 1063.25 1061.661 GALAXY 752_301_5_581 elliptical
1237655693019513014 2379 301 5 171 83.15799 527.498 3.041221 91.91615 85.83701 526.3481 528.5098 GALAXY 2379_301_5_171 elliptical
1237648703525683721 752 301 2 607 701.7637 1546.798 2.968678 714.888 705.851 1550.497 1546.625 GALAXY 752_301_2_607 elliptical
1237650370478145724 1140 301 3 123 1329.405 1482.09 4.989822 1339.695 1332.732 1480.441 1479.955 GALAXY 1140_301_3_123 elliptical
1237650761849766056 1231 301 4 12 1357.726 1343.293 4.003528 1368.602 1360.549 1339.399 1341.903 GALAXY 1231_301_4_12 elliptical
1237671142016352464 5976 301 5 163 1264.043 1208.606 7.82163 1273.446 1266.495 1212.533 1211.135 GALAXY 5976_301_5_163 elliptical
1237671142552830211 5976 301 6 157 1240.184 297.5469 4.056139 1252.182 1242.405 302.4072 300.7404 GALAXY 5976_301_6_157 elliptical
1237650372090003559 1140 301 6 142 595.572 79.02393 4.525428 607.7426 598.5247 78.15568 80.60203 GALAXY 1140_301_6_142 elliptical
1237671127513497726 5973 301 2 51 181.0051 1662.871 4.022415 194.0527 184.0815 1664.948 1662.343 GALAXY 5973_301_2_51 elliptical
1237671140406067423 5976 301 2 168 309.6367 1332.345 3.350577 319.5547 312.0371 1337.086 1332.962 GALAXY 5976_301_2_168 elliptical
1237671141479350481 5976 301 4 161 452.5918 979.2245 3.249125 462.3988 455.2808 981.829 979.6027 GALAXY 5976_301_4_161 elliptical
1237671140406329513 5976 301 2 172 602.0562 1141.007 4.730629 612.4302 604.7054 1145.798 1141.262 GALAXY 5976_301_2_172 elliptical
1237671139869655227 5976 301 1 175 582.943 84.72304 7.99249 593.9642 585.6814 89.66362 84.44639 GALAXY 5976_301_1_175 elliptical
1237650369407025474 1140 301 1 163 708.7889 972.4388 7.606415 720.587 712.0761 970.8981 969.9008 GALAXY 1140_301_1_163 elliptical
1237650370480636169 1140 301 3 161 1074.738 738.0217 4.186083 1085.105 1077.625 736.1906 735.9318 GALAXY 1140_301_3_161 elliptical
1237650369943699785 1140 301 2 160 1377.351 960.1166 4.077377 1387.647 1380.262 958.8472 958.634 GALAXY 1140_301_2_160 elliptical
1237671140406526211 5976 301 2 175 678.9929 1692.269 4.584828 689.3954 681.6683 1696.731 1693.073 GALAXY 5976_301_2_175 elliptical
1237650760242299011 1231 301 1 60 381.6811 1855.919 4.146448 395.1689 385.2777 1856.599 1853.062 GALAXY 1231_301_1_60 elliptical
1237650369944092982 1140 301 2 166 1367.908 194.9985 3.71275 1378.379 1370.851 193.5289 193.3288 GALAXY 1140_301_2_166 elliptical
1237650372091904146 1140 301 6 171 791.0543 1248.231 4.320029 803.1949 794.0078 1247.971 1249.203 GALAXY 1140_301_6_171 elliptical
1237650761316958343 1231 301 3 74 585.1729 293.3727 7.521585 596.4305 588.1696 293.6529 291.5832 GALAXY 1231_301_3_74 elliptical
1237650369945141467 1140 301 2 182 1349.975 1590.639 2.908529 1361.201 1353.46 1588.937 1588.978 GALAXY 1140_301_2_182 elliptical
1237650761853829197 1231 301 4 74 170.6363 1052.374 4.348735 181.6505 173.5181 1049.432 1051.128 GALAXY 1231_301_4_74 elliptical
1237650760244461719 1231 301 1 93 1220.565 586.3728 6.78527 1233.611 1224.147 587.1495 584.2126 GALAXY 1231_301_1_93 elliptical
1237650369946517649 1140 301 2 203 827.1718 1247.437 2.933661 837.6295 830.072 1245.813 1245.663 GALAXY 1140_301_2_203 elliptical
1237650760781201573 1231 301 2 91 653.6747 1380.492 9.339485 665.3774 656.7805 1381.014 1379.201 GALAXY 1231_301_2_91 elliptical
1237650369947435193 1140 301 2 217 787.0278 505.5956 4.638606 797.8771 789.8646 504.2898 503.8267 GALAXY 1140_301_2_217 elliptical
1237650369947304150 1140 301 2 215 1355.25 650.4907 4.81515 1365.769 1358.182 649.1564 648.6547 GALAXY 1140_301_2_215 elliptical
1237650369947107515 1140 301 2 212 601.5746 495.0579 3.140192 612.0087 604.5422 493.296 493.3737 GALAXY 1140_301_2_212 elliptical
1237650762393059533 1231 301 5 110 639.2802 635.2219 6.51302 650.5253 641.9907 634.9108 636.1437 GALAXY 1231_301_5_110 elliptical
1237650369948287135 1140 301 2 230 1128.894 129.6313 7.989364 1139.481 1131.779 128.8129 127.1235 GALAXY 1140_301_2_230 elliptical
1237650760247410864 1231 301 1 138 299.4967 707.8848 5.553713 312.4118 302.6644 708.4911 705.6734 GALAXY 1231_301_1_138 elliptical
1237671267106095545 6005 301 6 145 1192.809 1429.454 7.155344 1205.422 1195.35 1430.105 1431.393 GALAXY 6005_301_6_145 elliptical
1237650760783823080 1231 301 2 131 666.8909 1444.694 4.429812 678.848 669.7374 1445.804 1444.333 GALAXY 1231_301_2_131 elliptical
1237650762931306661 1231 301 6 131 1177.513 975.3791 4.077518 1189.969 1179.871 976.8831 977.3193 GALAXY 1231_301_6_131 elliptical
1237657590320136423 2821 301 3 153 1280.692 693.074 4.049843 1288.858 1283.635 690.9538 691.459 GALAXY 2821_301_3_153 elliptical
1237657591931207854 2821 301 6 160 838.1646 668.0661 5.313004 849.2174 841.6869 667.0733 669.4708 GALAXY 2821_301_6_160 elliptical
1237658803109101775 3103 301 6 116 919.0443 855.6368 3.302627 929.5038 921.9901 853.6757 857.4338 GALAXY 3103_301_6_116 elliptical
1237658802572099877 3103 301 5 114 798.8184 993.3027 6.759948 807.3666 801.8994 989.1048 994.178 GALAXY 3103_301_5_114 elliptical
1237657591931470044 2821 301 6 164 603.4862 296.7972 5.853131 613.8575 606.7673 296.0534 298.9658 GALAXY 2821_301_6_164 elliptical
1237657590857531664 2821 301 4 161 1132.896 1718.652 10.5454 1142.654 1137.218 1715.811 1717.998 GALAXY 2821_301_4_161 elliptical
1237657590858776745 2821 301 4 180 728.9743 179.0719 3.40408 738.0475 732.672 175.6627 178.1703 GALAXY 2821_301_4_180 elliptical
1237658802036146374 3103 301 4 128 913.2213 1558.429 9.016193 923.0541 916.959 1555.597 1558.133 GALAXY 3103_301_4_128 elliptical
1237658800425205825 3103 301 1 123 789.3787 1236.147 5.949502 801.467 793.7628 1233.261 1233.631 GALAXY 3103_301_1_123 elliptical
1237658803110215741 3103 301 6 133 684.3563 1258.199 4.446822 694.7573 687.4642 1256.091 1259.844 GALAXY 3103_301_6_133 elliptical
1237658802035949673 3103 301 4 125 637.6979 211.2976 3.86885 647.0145 640.9857 207.6125 210.935 GALAXY 3103_301_4_125 elliptical
1237657590858449046 2821 301 4 175 291.7716 1552.653 3.892431 301.239 295.5836 1549.558 1551.957 GALAXY 2821_301_4_175 elliptical
1237658803110740080 3103 301 6 141 582.8137 445.3943 4.092383 593.2805 585.9663 443.3468 447.438 GALAXY 3103_301_6_141 elliptical
1237657591933108331 2821 301 6 189 256.7789 686.4914 3.8179 268.3825 260.7758 685.6851 688.1271 GALAXY 2821_301_6_189 elliptical
1237658800427368605 3103 301 1 156 506.592 1244.55 3.634912 518.0407 510.8608 1241.234 1242.053 GALAXY 3103_301_1_156 elliptical
1237658801500979349 3103 301 3 154 1116.902 1206.755 5.443873 1125.614 1120.019 1202.818 1204.91 GALAXY 3103_301_3_154 elliptical
1237657590859694214 2821 301 4 194 1203.605 930.1313 4.441977 1212.89 1207.39 926.8958 929.4235 GALAXY 2821_301_4_194 elliptical
1237658800427958357 3103 301 1 165 764.1481 1024.259 7.473467 776.3417 768.5061 1020.622 1021.406 GALAXY 3103_301_1_165 elliptical
1237658803112312910 3103 301 6 165 359.3081 1461.558 5.70447 369.8658 362.4902 1459.844 1462.656 GALAXY 3103_301_6_165 elliptical
1237658917458018454 3130 301 3 46 630.5477 493.5016 6.649767 640.1479 633.6509 492.6873 492.0703 GALAXY 3130_301_3_46 elliptical
1237658803114737755 3103 301 6 202 133.3033 950.6565 7.676396 143.2028 136.2718 949.0325 952.3726 GALAXY 3103_301_6_202 elliptical
1237658802042110212 3103 301 4 219 1126.11 1294.93 8.845903 1135.724 1129.541 1291.83 1294.592 GALAXY 3103_301_4_219 elliptical
1237658800431104154 3103 301 1 213 82.26203 584.1938 6.016939 94.07175 86.46732 580.4537 581.5747 GALAXY 3103_301_1_213 elliptical
1237658801504387191 3103 301 3 206 1093.114 1091.344 3.357776 1101.831 1096.37 1087.077 1089.199 GALAXY 3103_301_3_206 elliptical
1237658802041585728 3103 301 4 211 699.3406 740.4903 8.823931 708.6196 702.821 736.9973 740.2706 GALAXY 3103_301_4_211 elliptical
1237658916386963650 3130 301 1 87 796.8268 1100.232 5.079615 807.5729 800.4589 1100.302 1098.742 GALAXY 3130_301_1_87 elliptical
1237658801505828990 3103 301 3 228 1227.518 1788.569 3.676622 1236.764 1230.677 1784.904 1786.95 GALAXY 3103_301_3_228 elliptical
1237658802041782403 3103 301 4 214 617.8778 1173.561 2.913669 627.3218 621.6575 1170.396 1173.204 GALAXY 3103_301_4_214 elliptical
1237658800969810040 3103 301 2 241 776.3994 1303.379 6.629194 786.5891 780.0467 1300.07 1302.307 GALAXY 3103_301_2_241 elliptical
1237660241387716752 3438 301 5 138 462.6838 377.9639 3.662723 472.2589 465.4944 377.2839 379.0378 GALAXY 3438_301_5_138 elliptical
1237663238203637922 4136 301 3 176 1148.031 81.58875 4.129497 1158.808 1151.021 78.1434 78.99258 GALAXY 4136_301_3_176 elliptical
1237666299483062388 4849 301 1 809 316.2142 612.521 4.890356 327.8015 319.719 614.333 610.7173 GALAXY 4849_301_1_809 elliptical
1237663329475559603 4157 301 5 235 674.6795 1988.149 5.692352 685.5688 678.1266 1990.17 1990.355 GALAXY 4157_301_5_235 elliptical
1237666299484438694 4849 301 1 830 1296.164 1000.543 8.695842 1307.909 1299.902 1003.001 998.8504 GALAXY 4849_301_1_830 elliptical
1237663237667422379 4136 301 2 186 952.9899 1709.294 3.621204 963.2932 955.9902 1706.112 1707.66 GALAXY 4136_301_2_186 elliptical
1237653651838599303 1904 301 3 206 560.553 974.0703 5.965446 571.3603 563.2273 963.394 969.8906 GALAXY 1904_301_3_206 elliptical
1237653651838664900 1904 301 3 207 439.3562 1702.389 6.797746 449.989 441.9691 1692.011 1698.321 GALAXY 1904_301_3_207 elliptical
1237653650764333160 1904 301 1 198 844.7629 701.1839 5.832188 857.1803 847.5526 690.55 696.3226 GALAXY 1904_301_1_198 elliptical
1237653651301073090 1904 301 2 196 1058.78 652.4241 5.054668 1069.315 1061.098 641.7875 648.5871 GALAXY 1904_301_2_196 elliptical
1237656495653650643 2566 301 4 356 1143.291 1919.392 4.43595 1152.579 1146.353 1915.193 1918.729 GALAXY 2566_301_4_356 elliptical
1237653650765447419 1904 301 1 215 428.1662 858.3962 3.361783 440.5393 431.2917 847.8704 853.6832 GALAXY 1904_301_1_215 elliptical
1237653652376256626 1904 301 4 218 545.5497 180.4219 8.789992 556.1076 547.9986 167.9623 176.9504 GALAXY 1904_301_4_218 elliptical
1237653652376387704 1904 301 4 220 149.5436 1352.189 4.540955 160.8048 152.2038 1340.081 1348.831 GALAXY 1904_301_4_220 elliptical
1237649918427463866 1035 301 1 41 1282.948 555.1984 4.095284 1295.262 1286.149 558.5024 554.248 GALAXY 1035_301_1_41 elliptical
1237649918963941461 1035 301 2 35 884.0956 1093.664 3.275493 894.5438 887.294 1097.602 1093.692 GALAXY 1035_301_2_35 elliptical
1237653652376453442 1904 301 4 221 1064.93 1075.623 6.32508 1076.183 1067.727 1063.347 1072.343 GALAXY 1904_301_4_221 elliptical
1237653652376584390 1904 301 4 223 730.6502 1228.557 4.346837 741.7876 733.4047 1216.462 1225.275 GALAXY 1904_301_4_223 elliptical
1237653652376649948 1904 301 4 224 1134.473 208.1216 3.667598 1145.059 1137.065 195.7799 204.7745 GALAXY 1904_301_4_224 elliptical
1237653652376977499 1904 301 4 229 478.6745 1644.415 2.614561 489.5958 481.5323 1632.964 1641.347 GALAXY 1904_301_4_229 elliptical
1237649918965317812 1035 301 2 56 479.1233 328.3366 3.940859 490.0178 481.8671 331.8401 328.3054 GALAXY 1035_301_2_56 elliptical
1237653651303760099 1904 301 2 237 1285.716 370.0282 6.500233 1296.687 1288.651 359.592 366.2864 GALAXY 1904_301_2_237 elliptical
1237653652377305148 1904 301 4 234 930.0831 105.0304 9.207607 940.7888 932.4913 92.53587 101.5001 GALAXY 1904_301_4_234 elliptical
1237649918965645407 1035 301 2 61 113.6548 1282.125 4.503417 124.7513 117.0954 1285.861 1282.021 GALAXY 1035_301_2_61 elliptical
1237666215143407826 4829 301 4 32 870.2233 341.3066 3.563131 880.7291 873.0452 343.5496 342.0201 GALAXY 4829_301_4_32 elliptical
1237653651841613952 1904 301 3 252 1384.995 1813.998 4.402359 1395.8 1387.695 1803.506 1809.76 GALAXY 1904_301_3_252 elliptical
1237666091662180527 4800 301 6 18 1392.683 1111.689 5.987723 1405.899 1395.411 1113.556 1113.548 GALAXY 4800_301_6_18 elliptical
1237666090588504309 4800 301 4 19 1173.27 1350.522 4.363525 1184.802 1176.379 1350.42 1350.443 GALAXY 4800_301_4_19 elliptical
1237666214607388780 4829 301 3 45 986.0618 1813.198 15.4642 996.2773 989.11 1816.39 1812.979 GALAXY 4829_301_3_45 elliptical
1237666214607323507 4829 301 3 44 585.6561 917.2975 5.240631 595.9764 588.5011 920.2529 917.139 GALAXY 4829_301_3_44 elliptical
1237649918430740538 1035 301 1 91 1292.898 1271.005 2.631219 1305.594 1296.467 1274.843 1269.592 GALAXY 1035_301_1_91 elliptical
1237649920041418807 1035 301 4 92 885.8958 87.04201 9.687967 896.4504 888.9369 90.17709 87.64735 GALAXY 1035_301_4_92 elliptical
1237649918967546062 1035 301 2 90 935.7512 1397.876 5.361529 947.0303 939.1454 1401.726 1398.135 GALAXY 1035_301_2_90 elliptical
1237666089514696963 4800 301 2 18 1423.12 1316.281 5.381391 1433.92 1426.177 1317.854 1315.881 GALAXY 4800_301_2_18 elliptical
1237666089515155538 4800 301 2 25 209.5244 556.4529 9.691095 220.2184 212.3428 557.7219 555.8674 GALAXY 4800_301_2_25 elliptical
1237666213533319314 4829 301 1 40 502.7421 1922.089 5.616307 515.6039 506.6867 1925.512 1920.998 GALAXY 4829_301_1_40 elliptical
1237649954403647765 1043 301 4 130 804.9316 1620.998 3.887425 814.9115 808.1195 1622.407 1621.395 GALAXY 1043_301_4_130 elliptical
1237653651306905770 1904 301 2 285 1290.164 1683.777 5.789048 1301.678 1293.158 1673.998 1680.386 GALAXY 1904_301_2_285 elliptical
1237653651844956321 1904 301 3 303 1312.606 1108.907 4.183015 1323.296 1315.202 1098.468 1104.72 GALAXY 1904_301_3_303 elliptical
1237649920579207286 1035 301 5 106 313.3392 669.8144 4.403847 323.6053 316.1413 672.9286 672.1137 GALAXY 1035_301_5_106 elliptical
1237679167158747217 7845 301 1 102 168.338 1252.981 9.488627 181.7188 171.5182 1254.254 1250.898 GALAXY 7845_301_1_102 elliptical
1237653651308871769 1904 301 2 315 972.6287 1975.215 4.971393 984.2271 975.6607 1965.135 1971.902 GALAXY 1904_301_2_315 elliptical
1237649918969512056 1035 301 2 120 1381.321 149.5514 5.518732 1392.378 1384.17 153.0705 149.3765 GALAXY 1035_301_2_120 elliptical
1237649954407645367 1043 301 4 191 1252.383 519.6421 8.022497 1261.267 1254.897 520.7948 519.5534 GALAXY 1043_301_4_191 elliptical
1237649918436507811 1035 301 1 179 849.9984 677.2042 5.689096 863.1049 853.6136 680.6324 676.2519 GALAXY 1035_301_1_179 elliptical
1237653650774950015 1904 301 1 360 1326.828 884.8613 5.668107 1339.372 1330.246 875.0909 879.9639 GALAXY 1904_301_1_360 elliptical
1237649918435983537 1035 301 1 171 1124.769 1679.462 3.860066 1137.504 1128.069 1683.084 1677.888 GALAXY 1035_301_1_171 elliptical
1237649918434213983 1035 301 1 144 61.34736 978.3381 5.92663 74.31635 65.39046 981.8608 976.9268 GALAXY 1035_301_1_144 elliptical
1237653650772721760 1904 301 1 326 238.9612 1100.568 4.481822 251.0846 241.9598 1090.774 1095.691 GALAXY 1904_301_1_326 elliptical
1237662301360685215 3918 301 2 127 461.048 1159.924 3.336077 470.4895 464.4838 1158.871 1159.374 GALAXY 3918_301_2_127 elliptical
1237661958297288801 3838 301 3 83 1024.037 1894.47 4.0503 1034.924 1026.959 1894.317 1893.453 GALAXY 3838_301_3_83 elliptical
1237662302435147966 3918 301 4 138 519.1569 614.9647 4.368669 529.3058 522.2069 613.409 615.3302 GALAXY 3918_301_4_138 elliptical
1237661957761925314 3838 301 2 106 1111.856 325.9728 3.49762 1123.2 1114.556 326.4349 325.4044 GALAXY 3838_301_2_106 elliptical
1237661958298271882 3838 301 3 98 1082.954 356.3099 2.658866 1094.243 1085.652 355.6183 354.9185 GALAXY 3838_301_3_98 elliptical
1237661958835667169 3838 301 4 106 354.9897 1580.269 12.33591 366.1566 357.8271 1580.467 1580.528 GALAXY 3838_301_4_106 elliptical
1237661958836060389 3838 301 4 112 230.7304 155.9854 4.233398 241.6523 233.5184 155.0419 155.8682 GALAXY 3838_301_4_112 elliptical
1237661959373783188 3838 301 5 125 1287.523 774.4729 4.366205 1297.502 1289.903 774.2595 776.1336 GALAXY 3838_301_5_125 elliptical
1237662501073059980 3964 301 6 72 846.65 266.7495 7.220076 858.0602 849.8054 267.6029 269.455 GALAXY 3964_301_6_72 elliptical
1237662498926690486 3964 301 2 89 1280.523 1947.806 3.976276 1291.75 1283.969 1948.078 1947.909 GALAXY 3964_301_2_89 elliptical
1237662498389885116 3964 301 1 90 421.3737 1602.216 4.703427 433.7182 425.1891 1602.126 1600.348 GALAXY 3964_301_1_90 elliptical
1237662302440849734 3918 301 4 225 1261.938 935.6824 3.408511 1271.818 1265.4 934.033 935.7207 GALAXY 3918_301_4_225 elliptical
1237662499465789734 3964 301 3 123 1364.541 1177.829 4.376723 1374.672 1367.689 1177.179 1176.767 GALAXY 3964_301_3_123 elliptical
1237662300829450369 3918 301 1 213 427.8015 1899.214 3.290418 438.2853 431.7329 1897.987 1896.837 GALAXY 3918_301_1_213 elliptical
1237662302976999535 3918 301 5 214 365.9429 1646.803 9.455613 375.344 369.3297 1645.469 1648.89 GALAXY 3918_301_5_214 elliptical
1237662302440652987 3918 301 4 222 446.6384 1778.508 3.927991 456.1032 449.8845 1777.446 1778.728 GALAXY 3918_301_4_222 elliptical
1237662501076140141 3964 301 6 119 525.2832 1471.473 5.210098 536.0926 528.1475 1472.927 1473.686 GALAXY 3964_301_6_119 elliptical
1237662499466182797 3964 301 3 129 796.5696 478.012 4.789537 806.6931 799.8726 476.7969 476.7832 GALAXY 3964_301_3_129 elliptical
1237662500004495585 3964 301 4 151 602.1909 1841.303 6.202213 612.3427 605.4868 1841.465 1842.134 GALAXY 3964_301_4_151 elliptical
1237662498932326495 3964 301 2 175 251.1481 916.6345 10.81365 262.1613 254.7128 916.8448 916.3835 GALAXY 3964_301_2_175 elliptical
1237662498932260868 3964 301 2 174 69.26793 233.0237 5.68723 79.94312 72.47152 232.969 232.5846 GALAXY 3964_301_2_174 elliptical
1237662500005347403 3964 301 4 164 1007.537 904.3007 7.091891 1017.835 1010.937 903.9426 904.3425 GALAXY 3964_301_4_164 elliptical
1237662302980407535 3918 301 5 266 552.5648 930.5231 5.825205 561.6755 555.8207 929.0621 932.171 GALAXY 3918_301_5_266 elliptical
1237666300019867819 4849 301 2 808 1322.176 275.3186 4.041417 1332.91 1325.172 277.1282 274.317 GALAXY 4849_301_2_808 elliptical
1237663237129306350 4136 301 1 167 1227.457 451.6809 4.871826 1239.501 1230.838 448.7618 448.9614 GALAXY 4136_301_1_167 elliptical
1237666300019212403 4849 301 2 798 104.8696 1914.901 10.60148 115.8729 108.4808 1917.505 1914.531 GALAXY 4849_301_2_798 elliptical
1237666299482865669 4849 301 1 806 210.9707 1245.901 17.76133 223.0987 214.5114 1247.73 1243.922 GALAXY 4849_301_1_806 elliptical
1237660239777890464 3438 301 2 150 562.5532 885.3408 4.504075 573.2698 565.8597 885.7139 884.2936 GALAXY 3438_301_2_150 elliptical
1237663237130354806 4136 301 1 183 1073.471 412.043 5.847695 1085.297 1076.834 409.0571 409.4099 GALAXY 4136_301_1_183 elliptical
1237656494579843360 2566 301 2 355 578.3107 1482.938 8.942235 588.0692 581.3481 1479.385 1481.391 GALAXY 2566_301_2_355 elliptical
1237649920573178113 1035 301 5 14 1194.605 1975.126 7.430468 1205.25 1197.651 1979.017 1977.708 GALAXY 1035_301_5_14 elliptical
1237653650765381829 1904 301 1 214 604.422 1424.315 4.242681 616.7425 607.5668 1414.057 1419.261 GALAXY 1904_301_1_214 elliptical
1237653651302056114 1904 301 2 211 1384.296 537.0247 3.350187 1395.272 1386.921 526.4402 533.306 GALAXY 1904_301_2_211 elliptical
1237649920036896907 1035 301 4 23 1289.539 1080.971 5.586094 1299.886 1292.435 1083.935 1081.839 GALAXY 1035_301_4_23 elliptical
1237649920037028020 1035 301 4 25 232.3196 1261.569 5.702092 242.9417 235.1219 1264.775 1262.57 GALAXY 1035_301_4_25 elliptical
